0.45302510261535645000000000000000 251.70939207077026000000000000000000 262.03898811340332000000000000000000
0.48002672195434570000000000000000 251.84040379524231000000000000000000 262.10799193382263000000000000000000
0.42001557350158691000000000000000 233.41335582733154000000000000000000 244.83500385284424000000000000000000
0.54102706909179688000000000000000 264.94316172599792000000000000000000 281.77211689949036000000000000000000
0.44781756401062012000000000000000 247.92318630218506000000000000000000 259.05840110778809000000000000000000
0.36822009086608887000000000000000 203.47197151184082000000000000000000 215.09097313880920000000000000000000
0.42381787300109863000000000000000 215.90743160247803000000000000000000 235.55696201324463000000000000000000
0.45841956138610840000000000000000 263.48264622688293000000000000000000 286.12983202934265000000000000000000
0.45321750640869141000000000000000 215.45944547653198000000000000000000 226.02063393592834000000000000000000
0.43602848052978516000000000000000 211.85212230682373000000000000000000 224.33283114433289000000000000000000
