1024 3 1
X1 X2 Y

-5 -5 -131494.21491
-5 -4.6875 -127385.020694
-5 -4.375 -123275.826478
-5 -4.0625 -119166.632262
-5 -3.75 -115057.438046
-5 -3.4375 -110948.24383
-5 -3.125 -106839.049614
-5 -2.8125 -102729.855398
-5 -2.5 -98620.6611825
-5 -2.1875 -94511.4669665
-5 -1.875 -90402.2727506
-5 -1.5625 -86293.0785347
-5 -1.25 -82183.8843187
-5 -0.9375 -78074.6901028
-5 -0.625 -73965.4958869
-5 -0.3125 -69856.3016709
-5 0.0 -65747.107455
-5 0.3125 -61637.9132391
-5 0.625 -57528.7190231
-5 0.9375 -53419.5248072
-5 1.25 -49310.3305912
-5 1.5625 -45201.1363753
-5 1.875 -41091.9421594
-5 2.1875 -36982.7479434
-5 2.5 -32873.5537275
-5 2.8125 -28764.3595116
-5 3.125 -24655.1652956
-5 3.4375 -20545.9710797
-5 3.75 -16436.7768637
-5 4.0625 -12327.5826478
-5 4.375 -8218.38843187
-5 4.6875 -4109.19421594
-4.6875 -5 -114581.341187
-4.6875 -4.6875 -111000.674275
-4.6875 -4.375 -107420.007363
-4.6875 -4.0625 -103839.340451
-4.6875 -3.75 -100258.673539
-4.6875 -3.4375 -96678.0066269
-4.6875 -3.125 -93097.3397148
-4.6875 -2.8125 -89516.6728027
-4.6875 -2.5 -85936.0058906
-4.6875 -2.1875 -82355.3389785
-4.6875 -1.875 -78774.6720664
-4.6875 -1.5625 -75194.0051542
-4.6875 -1.25 -71613.3382421
-4.6875 -0.9375 -68032.67133
-4.6875 -0.625 -64452.0044179
-4.6875 -0.3125 -60871.3375058
-4.6875 0.0 -57290.6705937
-4.6875 0.3125 -53710.0036816
-4.6875 0.625 -50129.3367695
-4.6875 0.9375 -46548.6698574
-4.6875 1.25 -42968.0029453
-4.6875 1.5625 -39387.3360332
-4.6875 1.875 -35806.6691211
-4.6875 2.1875 -32226.002209
-4.6875 2.5 -28645.3352969
-4.6875 2.8125 -25064.6683847
-4.6875 3.125 -21484.0014726
-4.6875 3.4375 -17903.3345605
-4.6875 3.75 -14322.6676484
-4.6875 4.0625 -10742.0007363
-4.6875 4.375 -7161.33382421
-4.6875 4.6875 -3580.66691211
-4.375 -5 -81275.0348273
-4.375 -4.6875 -78735.189989
-4.375 -4.375 -76195.3451506
-4.375 -4.0625 -73655.5003123
-4.375 -3.75 -71115.6554739
-4.375 -3.4375 -68575.8106356
-4.375 -3.125 -66035.9657972
-4.375 -2.8125 -63496.1209589
-4.375 -2.5 -60956.2761205
-4.375 -2.1875 -58416.4312821
-4.375 -1.875 -55876.5864438
-4.375 -1.5625 -53336.7416054
-4.375 -1.25 -50796.8967671
-4.375 -0.9375 -48257.0519287
-4.375 -0.625 -45717.2070904
-4.375 -0.3125 -43177.362252
-4.375 0.0 -40637.5174137
-4.375 0.3125 -38097.6725753
-4.375 0.625 -35557.827737
-4.375 0.9375 -33017.9828986
-4.375 1.25 -30478.1380603
-4.375 1.5625 -27938.2932219
-4.375 1.875 -25398.4483835
-4.375 2.1875 -22858.6035452
-4.375 2.5 -20318.7587068
-4.375 2.8125 -17778.9138685
-4.375 3.125 -15239.0690301
-4.375 3.4375 -12699.2241918
-4.375 3.75 -10159.3793534
-4.375 4.0625 -7619.53451506
-4.375 4.375 -5079.68967671
-4.375 4.6875 -2539.84483835
-4.0625 -5 -42923.0184703
-4.0625 -4.6875 -41581.6741431
-4.0625 -4.375 -40240.3298159
-4.0625 -4.0625 -38898.9854887
-4.0625 -3.75 -37557.6411615
-4.0625 -3.4375 -36216.2968343
-4.0625 -3.125 -34874.9525071
-4.0625 -2.8125 -33533.6081799
-4.0625 -2.5 -32192.2638527
-4.0625 -2.1875 -30850.9195255
-4.0625 -1.875 -29509.5751983
-4.0625 -1.5625 -28168.2308711
-4.0625 -1.25 -26826.8865439
-4.0625 -0.9375 -25485.5422167
-4.0625 -0.625 -24144.1978895
-4.0625 -0.3125 -22802.8535623
-4.0625 0.0 -21461.5092351
-4.0625 0.3125 -20120.1649079
-4.0625 0.625 -18778.8205807
-4.0625 0.9375 -17437.4762535
-4.0625 1.25 -16096.1319263
-4.0625 1.5625 -14754.7875992
-4.0625 1.875 -13413.443272
-4.0625 2.1875 -12072.0989448
-4.0625 2.5 -10730.7546176
-4.0625 2.8125 -9389.41029037
-4.0625 3.125 -8048.06596317
-4.0625 3.4375 -6706.72163598
-4.0625 3.75 -5365.37730878
-4.0625 4.0625 -4024.03298159
-4.0625 4.375 -2682.68865439
-4.0625 4.6875 -1341.3443272
-3.75 -5 -16251.8016951
-3.75 -4.6875 -15743.9328921
-3.75 -4.375 -15236.0640892
-3.75 -4.0625 -14728.1952862
-3.75 -3.75 -14220.3264832
-3.75 -3.4375 -13712.4576802
-3.75 -3.125 -13204.5888773
-3.75 -2.8125 -12696.7200743
-3.75 -2.5 -12188.8512713
-3.75 -2.1875 -11680.9824684
-3.75 -1.875 -11173.1136654
-3.75 -1.5625 -10665.2448624
-3.75 -1.25 -10157.3760594
-3.75 -0.9375 -9649.50725647
-3.75 -0.625 -9141.63845349
-3.75 -0.3125 -8633.76965052
-3.75 0.0 -8125.90084755
-3.75 0.3125 -7618.03204458
-3.75 0.625 -7110.16324161
-3.75 0.9375 -6602.29443863
-3.75 1.25 -6094.42563566
-3.75 1.5625 -5586.55683269
-3.75 1.875 -5078.68802972
-3.75 2.1875 -4570.81922675
-3.75 2.5 -4062.95042378
-3.75 2.8125 -3555.0816208
-3.75 3.125 -3047.21281783
-3.75 3.4375 -2539.34401486
-3.75 3.75 -2031.47521189
-3.75 4.0625 -1523.60640892
-3.75 4.375 -1015.73760594
-3.75 4.6875 -507.868802972
-3.4375 -5 -3984.52603116
-3.4375 -4.6875 -3860.00959268
-3.4375 -4.375 -3735.49315421
-3.4375 -4.0625 -3610.97671574
-3.4375 -3.75 -3486.46027726
-3.4375 -3.4375 -3361.94383879
-3.4375 -3.125 -3237.42740032
-3.4375 -2.8125 -3112.91096184
-3.4375 -2.5 -2988.39452337
-3.4375 -2.1875 -2863.87808489
-3.4375 -1.875 -2739.36164642
-3.4375 -1.5625 -2614.84520795
-3.4375 -1.25 -2490.32876947
-3.4375 -0.9375 -2365.812331
-3.4375 -0.625 -2241.29589253
-3.4375 -0.3125 -2116.77945405
-3.4375 0.0 -1992.26301558
-3.4375 0.3125 -1867.74657711
-3.4375 0.625 -1743.23013863
-3.4375 0.9375 -1618.71370016
-3.4375 1.25 -1494.19726168
-3.4375 1.5625 -1369.68082321
-3.4375 1.875 -1245.16438474
-3.4375 2.1875 -1120.64794626
-3.4375 2.5 -996.131507789
-3.4375 2.8125 -871.615069316
-3.4375 3.125 -747.098630842
-3.4375 3.4375 -622.582192368
-3.4375 3.75 -498.065753895
-3.4375 4.0625 -373.549315421
-3.4375 4.375 -249.032876947
-3.4375 4.6875 -124.516438474
-3.125 -5 115.275167925
-3.125 -4.6875 111.672818927
-3.125 -4.375 108.070469929
-3.125 -4.0625 104.468120932
-3.125 -3.75 100.865771934
-3.125 -3.4375 97.2634229364
-3.125 -3.125 93.6610739388
-3.125 -2.8125 90.0587249411
-3.125 -2.5 86.4563759435
-3.125 -2.1875 82.8540269458
-3.125 -1.875 79.2516779482
-3.125 -1.5625 75.6493289505
-3.125 -1.25 72.0469799529
-3.125 -0.9375 68.4446309552
-3.125 -0.625 64.8422819576
-3.125 -0.3125 61.23993296
-3.125 0.0 57.6375839623
-3.125 0.3125 54.0352349647
-3.125 0.625 50.432885967
-3.125 0.9375 46.8305369694
-3.125 1.25 43.2281879717
-3.125 1.5625 39.6258389741
-3.125 1.875 36.0234899764
-3.125 2.1875 32.4211409788
-3.125 2.5 28.8187919812
-3.125 2.8125 25.2164429835
-3.125 3.125 21.6140939859
-3.125 3.4375 18.0117449882
-3.125 3.75 14.4093959906
-3.125 4.0625 10.8070469929
-3.125 4.375 7.20469799529
-3.125 4.6875 3.60234899764
-2.8125 -5 1315.57934869
-2.8125 -4.6875 1274.46749404
-2.8125 -4.375 1233.35563939
-2.8125 -4.0625 1192.24378475
-2.8125 -3.75 1151.1319301
-2.8125 -3.4375 1110.02007545
-2.8125 -3.125 1068.90822081
-2.8125 -2.8125 1027.79636616
-2.8125 -2.5 986.684511514
-2.8125 -2.1875 945.572656868
-2.8125 -1.875 904.460802221
-2.8125 -1.5625 863.348947575
-2.8125 -1.25 822.237092928
-2.8125 -0.9375 781.125238282
-2.8125 -0.625 740.013383635
-2.8125 -0.3125 698.901528989
-2.8125 0.0 657.789674343
-2.8125 0.3125 616.677819696
-2.8125 0.625 575.56596505
-2.8125 0.9375 534.454110403
-2.8125 1.25 493.342255757
-2.8125 1.5625 452.230401111
-2.8125 1.875 411.118546464
-2.8125 2.1875 370.006691818
-2.8125 2.5 328.894837171
-2.8125 2.8125 287.782982525
-2.8125 3.125 246.671127878
-2.8125 3.4375 205.559273232
-2.8125 3.75 164.447418586
-2.8125 4.0625 123.335563939
-2.8125 4.375 82.2237092928
-2.8125 4.6875 41.1118546464
-2.5 -5 1466.08810003
-2.5 -4.6875 1420.2728469
-2.5 -4.375 1374.45759378
-2.5 -4.0625 1328.64234065
-2.5 -3.75 1282.82708752
-2.5 -3.4375 1237.0118344
-2.5 -3.125 1191.19658127
-2.5 -2.8125 1145.38132815
-2.5 -2.5 1099.56607502
-2.5 -2.1875 1053.75082189
-2.5 -1.875 1007.93556877
-2.5 -1.5625 962.120315643
-2.5 -1.25 916.305062517
-2.5 -0.9375 870.489809391
-2.5 -0.625 824.674556265
-2.5 -0.3125 778.859303139
-2.5 0.0 733.044050013
-2.5 0.3125 687.228796888
-2.5 0.625 641.413543762
-2.5 0.9375 595.598290636
-2.5 1.25 549.78303751
-2.5 1.5625 503.967784384
-2.5 1.875 458.152531258
-2.5 2.1875 412.337278133
-2.5 2.5 366.522025007
-2.5 2.8125 320.706771881
-2.5 3.125 274.891518755
-2.5 3.4375 229.076265629
-2.5 3.75 183.261012503
-2.5 4.0625 137.445759378
-2.5 4.375 91.6305062517
-2.5 4.6875 45.8152531258
-2.1875 -5 1054.04537092
-2.1875 -4.6875 1021.10645308
-2.1875 -4.375 988.167535235
-2.1875 -4.0625 955.228617394
-2.1875 -3.75 922.289699553
-2.1875 -3.4375 889.350781712
-2.1875 -3.125 856.41186387
-2.1875 -2.8125 823.472946029
-2.1875 -2.5 790.534028188
-2.1875 -2.1875 757.595110347
-2.1875 -1.875 724.656192506
-2.1875 -1.5625 691.717274665
-2.1875 -1.25 658.778356823
-2.1875 -0.9375 625.839438982
-2.1875 -0.625 592.900521141
-2.1875 -0.3125 559.9616033
-2.1875 0.0 527.022685459
-2.1875 0.3125 494.083767618
-2.1875 0.625 461.144849776
-2.1875 0.9375 428.205931935
-2.1875 1.25 395.267014094
-2.1875 1.5625 362.328096253
-2.1875 1.875 329.389178412
-2.1875 2.1875 296.450260571
-2.1875 2.5 263.511342729
-2.1875 2.8125 230.572424888
-2.1875 3.125 197.633507047
-2.1875 3.4375 164.694589206
-2.1875 3.75 131.755671365
-2.1875 4.0625 98.8167535235
-2.1875 4.375 65.8778356823
-2.1875 4.6875 32.9389178412
-1.875 -5 521.921919551
-1.875 -4.6875 505.611859565
-1.875 -4.375 489.301799579
-1.875 -4.0625 472.991739593
-1.875 -3.75 456.681679607
-1.875 -3.4375 440.371619621
-1.875 -3.125 424.061559635
-1.875 -2.8125 407.751499649
-1.875 -2.5 391.441439663
-1.875 -2.1875 375.131379677
-1.875 -1.875 358.821319691
-1.875 -1.5625 342.511259706
-1.875 -1.25 326.20119972
-1.875 -0.9375 309.891139734
-1.875 -0.625 293.581079748
-1.875 -0.3125 277.271019762
-1.875 0.0 260.960959776
-1.875 0.3125 244.65089979
-1.875 0.625 228.340839804
-1.875 0.9375 212.030779818
-1.875 1.25 195.720719832
-1.875 1.5625 179.410659846
-1.875 1.875 163.10059986
-1.875 2.1875 146.790539874
-1.875 2.5 130.480479888
-1.875 2.8125 114.170419902
-1.875 3.125 97.8603599159
-1.875 3.4375 81.5502999299
-1.875 3.75 65.2402399439
-1.875 4.0625 48.9301799579
-1.875 4.375 32.620119972
-1.875 4.6875 16.310059986
-1.5625 -5 180.473097956
-1.5625 -4.6875 174.833313645
-1.5625 -4.375 169.193529334
-1.5625 -4.0625 163.553745022
-1.5625 -3.75 157.913960711
-1.5625 -3.4375 152.2741764
-1.5625 -3.125 146.634392089
-1.5625 -2.8125 140.994607778
-1.5625 -2.5 135.354823467
-1.5625 -2.1875 129.715039156
-1.5625 -1.875 124.075254845
-1.5625 -1.5625 118.435470533
-1.5625 -1.25 112.795686222
-1.5625 -0.9375 107.155901911
-1.5625 -0.625 101.5161176
-1.5625 -0.3125 95.876333289
-1.5625 0.0 90.2365489779
-1.5625 0.3125 84.5967646668
-1.5625 0.625 78.9569803556
-1.5625 0.9375 73.3171960445
-1.5625 1.25 67.6774117334
-1.5625 1.5625 62.0376274223
-1.5625 1.875 56.3978431112
-1.5625 2.1875 50.7580588001
-1.5625 2.5 45.1182744889
-1.5625 2.8125 39.4784901778
-1.5625 3.125 33.8387058667
-1.5625 3.4375 28.1989215556
-1.5625 3.75 22.5591372445
-1.5625 4.0625 16.9193529334
-1.5625 4.375 11.2795686222
-1.5625 4.6875 5.63978431112
-1.25 -5 46.3221035342
-1.25 -4.6875 44.8745377988
-1.25 -4.375 43.4269720634
-1.25 -4.0625 41.9794063279
-1.25 -3.75 40.5318405925
-1.25 -3.4375 39.084274857
-1.25 -3.125 37.6367091216
-1.25 -2.8125 36.1891433861
-1.25 -2.5 34.7415776507
-1.25 -2.1875 33.2940119152
-1.25 -1.875 31.8464461798
-1.25 -1.5625 30.3988804444
-1.25 -1.25 28.9513147089
-1.25 -0.9375 27.5037489735
-1.25 -0.625 26.056183238
-1.25 -0.3125 24.6086175026
-1.25 0.0 23.1610517671
-1.25 0.3125 21.7134860317
-1.25 0.625 20.2659202962
-1.25 0.9375 18.8183545608
-1.25 1.25 17.3707888253
-1.25 1.5625 15.9232230899
-1.25 1.875 14.4756573545
-1.25 2.1875 13.028091619
-1.25 2.5 11.5805258836
-1.25 2.8125 10.1329601481
-1.25 3.125 8.68539441267
-1.25 3.4375 7.23782867723
-1.25 3.75 5.79026294178
-1.25 4.0625 4.34269720634
-1.25 4.375 2.89513147089
-1.25 4.6875 1.44756573545
-0.9375 -5 10.4387098106
-0.9375 -4.6875 10.112500129
-0.9375 -4.375 9.78629044743
-0.9375 -4.0625 9.46008076585
-0.9375 -3.75 9.13387108427
-0.9375 -3.4375 8.80766140269
-0.9375 -3.125 8.48145172111
-0.9375 -2.8125 8.15524203953
-0.9375 -2.5 7.82903235795
-0.9375 -2.1875 7.50282267637
-0.9375 -1.875 7.17661299478
-0.9375 -1.5625 6.8504033132
-0.9375 -1.25 6.52419363162
-0.9375 -0.9375 6.19798395004
-0.9375 -0.625 5.87177426846
-0.9375 -0.3125 5.54556458688
-0.9375 0.0 5.2193549053
-0.9375 0.3125 4.89314522372
-0.9375 0.625 4.56693554214
-0.9375 0.9375 4.24072586055
-0.9375 1.25 3.91451617897
-0.9375 1.5625 3.58830649739
-0.9375 1.875 3.26209681581
-0.9375 2.1875 2.93588713423
-0.9375 2.5 2.60967745265
-0.9375 2.8125 2.28346777107
-0.9375 3.125 1.95725808949
-0.9375 3.4375 1.63104840791
-0.9375 3.75 1.30483872632
-0.9375 4.0625 0.978629044743
-0.9375 4.375 0.652419363162
-0.9375 4.6875 0.326209681581
-0.625 -5 1.92781516275
-0.625 -4.6875 1.86757093892
-0.625 -4.375 1.80732671508
-0.625 -4.0625 1.74708249125
-0.625 -3.75 1.68683826741
-0.625 -3.4375 1.62659404357
-0.625 -3.125 1.56634981974
-0.625 -2.8125 1.5061055959
-0.625 -2.5 1.44586137207
-0.625 -2.1875 1.38561714823
-0.625 -1.875 1.32537292439
-0.625 -1.5625 1.26512870056
-0.625 -1.25 1.20488447672
-0.625 -0.9375 1.14464025288
-0.625 -0.625 1.08439602905
-0.625 -0.3125 1.02415180521
-0.625 0.0 0.963907581377
-0.625 0.3125 0.903663357541
-0.625 0.625 0.843419133705
-0.625 0.9375 0.783174909869
-0.625 1.25 0.722930686033
-0.625 1.5625 0.662686462196
-0.625 1.875 0.60244223836
-0.625 2.1875 0.542198014524
-0.625 2.5 0.481953790688
-0.625 2.8125 0.421709566852
-0.625 3.125 0.361465343016
-0.625 3.4375 0.30122111918
-0.625 3.75 0.240976895344
-0.625 4.0625 0.180732671508
-0.625 4.375 0.120488447672
-0.625 4.6875 0.060244223836
-0.3125 -5 0.116706500622
-0.3125 -4.6875 0.113059422478
-0.3125 -4.375 0.109412344333
-0.3125 -4.0625 0.105765266189
-0.3125 -3.75 0.102118188045
-0.3125 -3.4375 0.0984711099001
-0.3125 -3.125 0.0948240317556
-0.3125 -2.8125 0.0911769536112
-0.3125 -2.5 0.0875298754667
-0.3125 -2.1875 0.0838827973223
-0.3125 -1.875 0.0802357191778
-0.3125 -1.5625 0.0765886410334
-0.3125 -1.25 0.0729415628889
-0.3125 -0.9375 0.0692944847445
-0.3125 -0.625 0.0656474066001
-0.3125 -0.3125 0.0620003284556
-0.3125 0.0 0.0583532503112
-0.3125 0.3125 0.0547061721667
-0.3125 0.625 0.0510590940223
-0.3125 0.9375 0.0474120158778
-0.3125 1.25 0.0437649377334
-0.3125 1.5625 0.0401178595889
-0.3125 1.875 0.0364707814445
-0.3125 2.1875 0.0328237033
-0.3125 2.5 0.0291766251556
-0.3125 2.8125 0.0255295470111
-0.3125 3.125 0.0218824688667
-0.3125 3.4375 0.0182353907222
-0.3125 3.75 0.0145883125778
-0.3125 4.0625 0.0109412344333
-0.3125 4.375 0.00729415628889
-0.3125 4.6875 0.00364707814445
0.0 -5 0.0
0.0 -4.6875 0.0
0.0 -4.375 0.0
0.0 -4.0625 0.0
0.0 -3.75 0.0
0.0 -3.4375 0.0
0.0 -3.125 0.0
0.0 -2.8125 0.0
0.0 -2.5 0.0
0.0 -2.1875 0.0
0.0 -1.875 0.0
0.0 -1.5625 0.0
0.0 -1.25 0.0
0.0 -0.9375 0.0
0.0 -0.625 0.0
0.0 -0.3125 0.0
0.0 0.0 0.0
0.0 0.3125 0.0
0.0 0.625 0.0
0.0 0.9375 0.0
0.0 1.25 0.0
0.0 1.5625 0.0
0.0 1.875 0.0
0.0 2.1875 0.0
0.0 2.5 0.0
0.0 2.8125 0.0
0.0 3.125 0.0
0.0 3.4375 0.0
0.0 3.75 0.0
0.0 4.0625 0.0
0.0 4.375 0.0
0.0 4.6875 0.0
0.3125 -5 0.0624684882406
0.3125 -4.6875 0.060516347983
0.3125 -4.375 0.0585642077255
0.3125 -4.0625 0.056612067468
0.3125 -3.75 0.0546599272105
0.3125 -3.4375 0.052707786953
0.3125 -3.125 0.0507556466954
0.3125 -2.8125 0.0488035064379
0.3125 -2.5 0.0468513661804
0.3125 -2.1875 0.0448992259229
0.3125 -1.875 0.0429470856654
0.3125 -1.5625 0.0409949454079
0.3125 -1.25 0.0390428051503
0.3125 -0.9375 0.0370906648928
0.3125 -0.625 0.0351385246353
0.3125 -0.3125 0.0331863843778
0.3125 0.0 0.0312342441203
0.3125 0.3125 0.0292821038628
0.3125 0.625 0.0273299636052
0.3125 0.9375 0.0253778233477
0.3125 1.25 0.0234256830902
0.3125 1.5625 0.0214735428327
0.3125 1.875 0.0195214025752
0.3125 2.1875 0.0175692623177
0.3125 2.5 0.0156171220601
0.3125 2.8125 0.0136649818026
0.3125 3.125 0.0117128415451
0.3125 3.4375 0.00976070128759
0.3125 3.75 0.00780856103007
0.3125 4.0625 0.00585642077255
0.3125 4.375 0.00390428051503
0.3125 4.6875 0.00195214025752
0.625 -5 0.552328291589
0.625 -4.6875 0.535068032477
0.625 -4.375 0.517807773364
0.625 -4.0625 0.500547514252
0.625 -3.75 0.48328725514
0.625 -3.4375 0.466026996028
0.625 -3.125 0.448766736916
0.625 -2.8125 0.431506477804
0.625 -2.5 0.414246218691
0.625 -2.1875 0.396985959579
0.625 -1.875 0.379725700467
0.625 -1.5625 0.362465441355
0.625 -1.25 0.345205182243
0.625 -0.9375 0.327944923131
0.625 -0.625 0.310684664019
0.625 -0.3125 0.293424404906
0.625 0.0 0.276164145794
0.625 0.3125 0.258903886682
0.625 0.625 0.24164362757
0.625 0.9375 0.224383368458
0.625 1.25 0.207123109346
0.625 1.5625 0.189862850234
0.625 1.875 0.172602591121
0.625 2.1875 0.155342332009
0.625 2.5 0.138082072897
0.625 2.8125 0.120821813785
0.625 3.125 0.103561554673
0.625 3.4375 0.0863012955607
0.625 3.75 0.0690410364486
0.625 4.0625 0.0517807773364
0.625 4.375 0.0345205182243
0.625 4.6875 0.0172602591121
0.9375 -5 1.60082799691
0.9375 -4.6875 1.550802122
0.9375 -4.375 1.5007762471
0.9375 -4.0625 1.4507503722
0.9375 -3.75 1.40072449729
0.9375 -3.4375 1.35069862239
0.9375 -3.125 1.30067274749
0.9375 -2.8125 1.25064687258
0.9375 -2.5 1.20062099768
0.9375 -2.1875 1.15059512278
0.9375 -1.875 1.10056924787
0.9375 -1.5625 1.05054337297
0.9375 -1.25 1.00051749807
0.9375 -0.9375 0.950491623164
0.9375 -0.625 0.900465748261
0.9375 -0.3125 0.850439873357
0.9375 0.0 0.800413998454
0.9375 0.3125 0.750388123551
0.9375 0.625 0.700362248647
0.9375 0.9375 0.650336373744
0.9375 1.25 0.60031049884
0.9375 1.5625 0.550284623937
0.9375 1.875 0.500258749034
0.9375 2.1875 0.45023287413
0.9375 2.5 0.400206999227
0.9375 2.8125 0.350181124324
0.9375 3.125 0.30015524942
0.9375 3.4375 0.250129374517
0.9375 3.75 0.200103499613
0.9375 4.0625 0.15007762471
0.9375 4.375 0.100051749807
0.9375 4.6875 0.0500258749034
1.25 -5 3.80234980486
1.25 -4.6875 3.68352637346
1.25 -4.375 3.56470294206
1.25 -4.0625 3.44587951066
1.25 -3.75 3.32705607926
1.25 -3.4375 3.20823264785
1.25 -3.125 3.08940921645
1.25 -2.8125 2.97058578505
1.25 -2.5 2.85176235365
1.25 -2.1875 2.73293892225
1.25 -1.875 2.61411549084
1.25 -1.5625 2.49529205944
1.25 -1.25 2.37646862804
1.25 -0.9375 2.25764519664
1.25 -0.625 2.13882176524
1.25 -0.3125 2.01999833383
1.25 0.0 1.90117490243
1.25 0.3125 1.78235147103
1.25 0.625 1.66352803963
1.25 0.9375 1.54470460823
1.25 1.25 1.42588117682
1.25 1.5625 1.30705774542
1.25 1.875 1.18823431402
1.25 2.1875 1.06941088262
1.25 2.5 0.950587451216
1.25 2.8125 0.831764019814
1.25 3.125 0.712940588412
1.25 3.4375 0.59411715701
1.25 3.75 0.475293725608
1.25 4.0625 0.356470294206
1.25 4.375 0.237646862804
1.25 4.6875 0.118823431402
1.5625 -5 7.92943452569
1.5625 -4.6875 7.68163969676
1.5625 -4.375 7.43384486784
1.5625 -4.0625 7.18605003891
1.5625 -3.75 6.93825520998
1.5625 -3.4375 6.69046038105
1.5625 -3.125 6.44266555213
1.5625 -2.8125 6.1948707232
1.5625 -2.5 5.94707589427
1.5625 -2.1875 5.69928106534
1.5625 -1.875 5.45148623641
1.5625 -1.5625 5.20369140749
1.5625 -1.25 4.95589657856
1.5625 -0.9375 4.70810174963
1.5625 -0.625 4.4603069207
1.5625 -0.3125 4.21251209177
1.5625 0.0 3.96471726285
1.5625 0.3125 3.71692243392
1.5625 0.625 3.46912760499
1.5625 0.9375 3.22133277606
1.5625 1.25 2.97353794713
1.5625 1.5625 2.72574311821
1.5625 1.875 2.47794828928
1.5625 2.1875 2.23015346035
1.5625 2.5 1.98235863142
1.5625 2.8125 1.7345638025
1.5625 3.125 1.48676897357
1.5625 3.4375 1.23897414464
1.5625 3.75 0.991179315712
1.5625 4.0625 0.743384486784
1.5625 4.375 0.495589657856
1.5625 4.6875 0.247794828928
1.875 -5 12.2744270607
1.875 -4.6875 11.890851215
1.875 -4.375 11.5072753694
1.875 -4.0625 11.1236995237
1.875 -3.75 10.7401236781
1.875 -3.4375 10.3565478325
1.875 -3.125 9.97297198681
1.875 -2.8125 9.58939614116
1.875 -2.5 9.20582029552
1.875 -2.1875 8.82224444987
1.875 -1.875 8.43866860422
1.875 -1.5625 8.05509275858
1.875 -1.25 7.67151691293
1.875 -0.9375 7.28794106728
1.875 -0.625 6.90436522164
1.875 -0.3125 6.52078937599
1.875 0.0 6.13721353034
1.875 0.3125 5.7536376847
1.875 0.625 5.37006183905
1.875 0.9375 4.9864859934
1.875 1.25 4.60291014776
1.875 1.5625 4.21933430211
1.875 1.875 3.83575845646
1.875 2.1875 3.45218261082
1.875 2.5 3.06860676517
1.875 2.8125 2.68503091953
1.875 3.125 2.30145507388
1.875 3.4375 1.91787922823
1.875 3.75 1.53430338259
1.875 4.0625 1.15072753694
1.875 4.375 0.767151691293
1.875 4.6875 0.383575845646
2.1875 -5 13.2684730591
2.1875 -4.6875 12.853833276
2.1875 -4.375 12.4391934929
2.1875 -4.0625 12.0245537098
2.1875 -3.75 11.6099139267
2.1875 -3.4375 11.1952741436
2.1875 -3.125 10.7806343605
2.1875 -2.8125 10.3659945774
2.1875 -2.5 9.95135479432
2.1875 -2.1875 9.53671501122
2.1875 -1.875 9.12207522812
2.1875 -1.5625 8.70743544503
2.1875 -1.25 8.29279566193
2.1875 -0.9375 7.87815587883
2.1875 -0.625 7.46351609574
2.1875 -0.3125 7.04887631264
2.1875 0.0 6.63423652954
2.1875 0.3125 6.21959674645
2.1875 0.625 5.80495696335
2.1875 0.9375 5.39031718025
2.1875 1.25 4.97567739716
2.1875 1.5625 4.56103761406
2.1875 1.875 4.14639783096
2.1875 2.1875 3.73175804787
2.1875 2.5 3.31711826477
2.1875 2.8125 2.90247848168
2.1875 3.125 2.48783869858
2.1875 3.4375 2.07319891548
2.1875 3.75 1.65855913239
2.1875 4.0625 1.24391934929
2.1875 4.375 0.829279566193
2.1875 4.6875 0.414639783096
2.5 -5 9.87842391397
2.5 -4.6875 9.56972316666
2.5 -4.375 9.26102241935
2.5 -4.0625 8.95232167204
2.5 -3.75 8.64362092472
2.5 -3.4375 8.33492017741
2.5 -3.125 8.0262194301
2.5 -2.8125 7.71751868279
2.5 -2.5 7.40881793548
2.5 -2.1875 7.10011718817
2.5 -1.875 6.79141644085
2.5 -1.5625 6.48271569354
2.5 -1.25 6.17401494623
2.5 -0.9375 5.86531419892
2.5 -0.625 5.55661345161
2.5 -0.3125 5.2479127043
2.5 0.0 4.93921195699
2.5 0.3125 4.63051120967
2.5 0.625 4.32181046236
2.5 0.9375 4.01310971505
2.5 1.25 3.70440896774
2.5 1.5625 3.39570822043
2.5 1.875 3.08700747312
2.5 2.1875 2.7783067258
2.5 2.5 2.46960597849
2.5 2.8125 2.16090523118
2.5 3.125 1.85220448387
2.5 3.4375 1.54350373656
2.5 3.75 1.23480298925
2.5 4.0625 0.926102241935
2.5 4.375 0.617401494623
2.5 4.6875 0.308700747312
2.8125 -5 4.74471998147
2.8125 -4.6875 4.59644748205
2.8125 -4.375 4.44817498263
2.8125 -4.0625 4.29990248321
2.8125 -3.75 4.15162998379
2.8125 -3.4375 4.00335748437
2.8125 -3.125 3.85508498495
2.8125 -2.8125 3.70681248552
2.8125 -2.5 3.5585399861
2.8125 -2.1875 3.41026748668
2.8125 -1.875 3.26199498726
2.8125 -1.5625 3.11372248784
2.8125 -1.25 2.96544998842
2.8125 -0.9375 2.817177489
2.8125 -0.625 2.66890498958
2.8125 -0.3125 2.52063249016
2.8125 0.0 2.37235999074
2.8125 0.3125 2.22408749131
2.8125 0.625 2.07581499189
2.8125 0.9375 1.92754249247
2.8125 1.25 1.77926999305
2.8125 1.5625 1.63099749363
2.8125 1.875 1.48272499421
2.8125 2.1875 1.33445249479
2.8125 2.5 1.18617999537
2.8125 2.8125 1.03790749595
2.8125 3.125 0.889634996526
2.8125 3.4375 0.741362497105
2.8125 3.75 0.593089997684
2.8125 4.0625 0.444817498263
2.8125 4.375 0.296544998842
2.8125 4.6875 0.148272499421
3.125 -5 0.222533424724
3.125 -4.6875 0.215579255202
3.125 -4.375 0.208625085679
3.125 -4.0625 0.201670916157
3.125 -3.75 0.194716746634
3.125 -3.4375 0.187762577111
3.125 -3.125 0.180808407589
3.125 -2.8125 0.173854238066
3.125 -2.5 0.166900068543
3.125 -2.1875 0.159945899021
3.125 -1.875 0.152991729498
3.125 -1.5625 0.146037559975
3.125 -1.25 0.139083390453
3.125 -0.9375 0.13212922093
3.125 -0.625 0.125175051407
3.125 -0.3125 0.118220881885
3.125 0.0 0.111266712362
3.125 0.3125 0.10431254284
3.125 0.625 0.0973583733169
3.125 0.9375 0.0904042037943
3.125 1.25 0.0834500342717
3.125 1.5625 0.076495864749
3.125 1.875 0.0695416952264
3.125 2.1875 0.0625875257037
3.125 2.5 0.0556333561811
3.125 2.8125 0.0486791866585
3.125 3.125 0.0417250171358
3.125 3.4375 0.0347708476132
3.125 3.75 0.0278166780906
3.125 4.0625 0.0208625085679
3.125 4.375 0.0139083390453
3.125 4.6875 0.00695416952264
3.4375 -5 -4.11720133913
3.4375 -4.6875 -3.98853879728
3.4375 -4.375 -3.85987625543
3.4375 -4.0625 -3.73121371358
3.4375 -3.75 -3.60255117173
3.4375 -3.4375 -3.47388862989
3.4375 -3.125 -3.34522608804
3.4375 -2.8125 -3.21656354619
3.4375 -2.5 -3.08790100434
3.4375 -2.1875 -2.9592384625
3.4375 -1.875 -2.83057592065
3.4375 -1.5625 -2.7019133788
3.4375 -1.25 -2.57325083695
3.4375 -0.9375 -2.44458829511
3.4375 -0.625 -2.31592575326
3.4375 -0.3125 -2.18726321141
3.4375 0.0 -2.05860066956
3.4375 0.3125 -1.92993812772
3.4375 0.625 -1.80127558587
3.4375 0.9375 -1.67261304402
3.4375 1.25 -1.54395050217
3.4375 1.5625 -1.41528796032
3.4375 1.875 -1.28662541848
3.4375 2.1875 -1.15796287663
3.4375 2.5 -1.02930033478
3.4375 2.8125 -0.900637792934
3.4375 3.125 -0.771975251086
3.4375 3.4375 -0.643312709238
3.4375 3.75 -0.514650167391
3.4375 4.0625 -0.385987625543
3.4375 4.375 -0.257325083695
3.4375 4.6875 -0.128662541848
3.75 -5 -8.9886175043
3.75 -4.6875 -8.70772320729
3.75 -4.375 -8.42682891028
3.75 -4.0625 -8.14593461327
3.75 -3.75 -7.86504031626
3.75 -3.4375 -7.58414601925
3.75 -3.125 -7.30325172225
3.75 -2.8125 -7.02235742524
3.75 -2.5 -6.74146312823
3.75 -2.1875 -6.46056883122
3.75 -1.875 -6.17967453421
3.75 -1.5625 -5.8987802372
3.75 -1.25 -5.61788594019
3.75 -0.9375 -5.33699164318
3.75 -0.625 -5.05609734617
3.75 -0.3125 -4.77520304916
3.75 0.0 -4.49430875215
3.75 0.3125 -4.21341445514
3.75 0.625 -3.93252015813
3.75 0.9375 -3.65162586112
3.75 1.25 -3.37073156411
3.75 1.5625 -3.0898372671
3.75 1.875 -2.80894297009
3.75 2.1875 -2.52804867308
3.75 2.5 -2.24715437608
3.75 2.8125 -1.96626007907
3.75 3.125 -1.68536578206
3.75 3.4375 -1.40447148505
3.75 3.75 -1.12357718804
3.75 4.0625 -0.842682891028
3.75 4.375 -0.561788594019
3.75 4.6875 -0.280894297009
4.0625 -5 -12.7071334163
4.0625 -4.6875 -12.310035497
4.0625 -4.375 -11.9129375777
4.0625 -4.0625 -11.5158396585
4.0625 -3.75 -11.1187417392
4.0625 -3.4375 -10.72164382
4.0625 -3.125 -10.3245459007
4.0625 -2.8125 -9.92744798145
4.0625 -2.5 -9.53035006219
4.0625 -2.1875 -9.13325214293
4.0625 -1.875 -8.73615422367
4.0625 -1.5625 -8.33905630442
4.0625 -1.25 -7.94195838516
4.0625 -0.9375 -7.5448604659
4.0625 -0.625 -7.14776254664
4.0625 -0.3125 -6.75066462738
4.0625 0.0 -6.35356670813
4.0625 0.3125 -5.95646878887
4.0625 0.625 -5.55937086961
4.0625 0.9375 -5.16227295035
4.0625 1.25 -4.7651750311
4.0625 1.5625 -4.36807711184
4.0625 1.875 -3.97097919258
4.0625 2.1875 -3.57388127332
4.0625 2.5 -3.17678335406
4.0625 2.8125 -2.77968543481
4.0625 3.125 -2.38258751555
4.0625 3.4375 -1.98548959629
4.0625 3.75 -1.58839167703
4.0625 4.0625 -1.19129375777
4.0625 4.375 -0.794195838516
4.0625 4.6875 -0.397097919258
4.375 -5 -12.8789497176
4.375 -4.6875 -12.4764825389
4.375 -4.375 -12.0740153602
4.375 -4.0625 -11.6715481815
4.375 -3.75 -11.2690810029
4.375 -3.4375 -10.8666138242
4.375 -3.125 -10.4641466455
4.375 -2.8125 -10.0616794669
4.375 -2.5 -9.65921228818
4.375 -2.1875 -9.2567451095
4.375 -1.875 -8.85427793083
4.375 -1.5625 -8.45181075215
4.375 -1.25 -8.04934357348
4.375 -0.9375 -7.64687639481
4.375 -0.625 -7.24440921613
4.375 -0.3125 -6.84194203746
4.375 0.0 -6.43947485878
4.375 0.3125 -6.03700768011
4.375 0.625 -5.63454050144
4.375 0.9375 -5.23207332276
4.375 1.25 -4.82960614409
4.375 1.5625 -4.42713896541
4.375 1.875 -4.02467178674
4.375 2.1875 -3.62220460807
4.375 2.5 -3.21973742939
4.375 2.8125 -2.81727025072
4.375 3.125 -2.41480307204
4.375 3.4375 -2.01233589337
4.375 3.75 -1.6098687147
4.375 4.0625 -1.20740153602
4.375 4.375 -0.804934357348
4.375 4.6875 -0.402467178674
4.6875 -5 -9.71858715169
4.6875 -4.6875 -9.4148813032
4.6875 -4.375 -9.11117545471
4.6875 -4.0625 -8.80746960622
4.6875 -3.75 -8.50376375773
4.6875 -3.4375 -8.20005790924
4.6875 -3.125 -7.89635206075
4.6875 -2.8125 -7.59264621226
4.6875 -2.5 -7.28894036377
4.6875 -2.1875 -6.98523451528
4.6875 -1.875 -6.68152866679
4.6875 -1.5625 -6.3778228183
4.6875 -1.25 -6.07411696981
4.6875 -0.9375 -5.77041112132
4.6875 -0.625 -5.46670527283
4.6875 -0.3125 -5.16299942434
4.6875 0.0 -4.85929357585
4.6875 0.3125 -4.55558772735
4.6875 0.625 -4.25188187886
4.6875 0.9375 -3.94817603037
4.6875 1.25 -3.64447018188
4.6875 1.5625 -3.34076433339
4.6875 1.875 -3.0370584849
4.6875 2.1875 -2.73335263641
4.6875 2.5 -2.42964678792
4.6875 2.8125 -2.12594093943
4.6875 3.125 -1.82223509094
4.6875 3.4375 -1.51852924245
4.6875 3.75 -1.21482339396
4.6875 4.0625 -0.911117545471
4.6875 4.375 -0.607411696981
4.6875 4.6875 -0.30370584849

1
4 4
10 11 12 13 14 15 16 17