0.45102334022521973000000000000000 10.38459610939025900000000000000000 19.27110219001770000000000000000000
0.45603156089782715000000000000000 10.25758266448974600000000000000000 19.06909012794494600000000000000000
0.44702410697937012000000000000000 10.23058843612670900000000000000000 20.18315505981445300000000000000000
0.47302389144897461000000000000000 9.81256413459777830000000000000000 20.37716484069824200000000000000000
0.46680903434753418000000000000000 10.29235053062439000000000000000000 20.40231084823608400000000000000000
0.31741070747375488000000000000000 10.85235381126403800000000000000000 20.76910305023193400000000000000000
0.38520407676696777000000000000000 9.24154353141784670000000000000000 18.08468198776245100000000000000000
0.37160825729370117000000000000000 10.69375801086425800000000000000000 19.77991700172424300000000000000000
0.40740776062011719000000000000000 10.80395698547363300000000000000000 19.56888794898986800000000000000000
0.45502448081970215000000000000000 9.13452339172363280000000000000000 18.37805104255676300000000000000000
