0.30102300643920898000000000000000 8.73349380493164060000000000000000 18.54706096649169900000000000000000
0.29001641273498535000000000000000 10.99562859535217300000000000000000 20.86419296264648400000000000000000
0.32402300834655762000000000000000 10.40958404541015600000000000000000 21.47822904586792000000000000000000
0.30401682853698730000000000000000 10.26358938217163100000000000000000 21.75924491882324200000000000000000
0.24860572814941406000000000000000 10.83256125450134300000000000000000 21.28933095932006800000000000000000
0.33820557594299316000000000000000 8.73833417892456050000000000000000 19.71550416946411100000000000000000
0.27780485153198242000000000000000 12.20618796348571800000000000000000 22.02913689613342300000000000000000
0.37140464782714844000000000000000 10.89976596832275400000000000000000 21.15691399574279800000000000000000
0.32260322570800781000000000000000 10.37995195388793900000000000000000 20.42750191688537600000000000000000
0.30402731895446777000000000000000 10.75759649276733400000000000000000 20.95019817352294900000000000000000
