0.46401619911193848000000000000000 11.84468913078308100000000000000000 20.79018902778625500000000000000000
0.45602178573608398000000000000000 11.92168879508972200000000000000000 21.48422908782959000000000000000000
0.46202015876770020000000000000000 11.13363695144653300000000000000000 21.08420610427856400000000000000000
0.44801735877990723000000000000000 11.37165832519531300000000000000000 21.82424807548522900000000000000000
0.53120422363281250000000000000000 11.33397507667541500000000000000000 21.54312586784362800000000000000000
0.43860769271850586000000000000000 11.38777947425842300000000000000000 21.49314403533935500000000000000000
0.50700592994689941000000000000000 12.52239346504211400000000000000000 21.41552305221557600000000000000000
0.46420884132385254000000000000000 11.41417956352233900000000000000000 20.55212497711181600000000000000000
0.50400638580322266000000000000000 11.81538271903991700000000000000000 20.74812293052673300000000000000000
0.47002744674682617000000000000000 10.93262767791748000000000000000000 20.20915603637695300000000000000000
