0.41101574897766113000000000000000 196.80826306343079000000000000000000 207.07884383201599000000000000000000
0.44802236557006836000000000000000 276.68583226203918000000000000000000 297.53201699256897000000000000000000
0.44702744483947754000000000000000 272.22757267951965000000000000000000 293.05476212501526000000000000000000
0.48203110694885254000000000000000 220.74262309074402000000000000000000 232.73731207847595000000000000000000
0.41182231903076172000000000000000 288.75229883193970000000000000000000 299.77569079399109000000000000000000
0.42422676086425781000000000000000 246.35252094268799000000000000000000 265.94767498970032000000000000000000
0.39261579513549805000000000000000 227.87380576133728000000000000000000 238.33360123634338000000000000000000
0.42462062835693359000000000000000 216.14701080322266000000000000000000 226.90841317176819000000000000000000
0.47802925109863281000000000000000 227.59910917282104000000000000000000 249.50487995147705000000000000000000
0.45003080368041992000000000000000 253.31749129295349000000000000000000 263.58607602119446000000000000000000
