0.31001710891723633000000000000000 10.21258354187011700000000000000000 20.10614991188049300000000000000000
0.33902406692504883000000000000000 11.14963006973266600000000000000000 21.04420399665832500000000000000000
0.34001636505126953000000000000000 11.09763908386230500000000000000000 22.15426707267761200000000000000000
0.31501722335815430000000000000000 10.84262013435363800000000000000000 22.41628217697143600000000000000000
0.38240385055541992000000000000000 10.71416926383972200000000000000000 21.10013103485107400000000000000000
0.40460801124572754000000000000000 8.50872349739074710000000000000000 19.54689121246337900000000000000000
0.43020629882812500000000000000000 11.24697279930114700000000000000000 21.30133605003356900000000000000000
0.30040740966796875000000000000000 9.81454658508300780000000000000000 20.00372791290283200000000000000000
0.26680541038513184000000000000000 9.97314000129699710000000000000000 19.73789405822753900000000000000000
0.32602119445800781000000000000000 11.48165154457092300000000000000000 21.38522386550903300000000000000000
