0.30202198028564453000000000000000 10.93161392211914100000000000000000 20.85219216346740700000000000000000
0.31702637672424316000000000000000 11.19463276863098100000000000000000 21.09620594978332500000000000000000
0.31601786613464355000000000000000 10.60560774803161600000000000000000 21.66623902320861800000000000000000
0.30301761627197266000000000000000 10.38459634780883800000000000000000 22.00325894355773900000000000000000
0.33720493316650391000000000000000 11.10356068611145000000000000000000 21.76292705535888700000000000000000
0.29440522193908691000000000000000 10.40914726257324200000000000000000 21.43632197380065900000000000000000
0.28780221939086914000000000000000 11.33056569099426300000000000000000 21.20111513137817400000000000000000
0.26520442962646484000000000000000 10.54816293716430700000000000000000 20.86792302131652800000000000000000
0.39960408210754395000000000000000 10.96717453002929700000000000000000 21.03172612190246600000000000000000
0.32001829147338867000000000000000 11.00963211059570300000000000000000 20.96019816398620600000000000000000
