0.44401407241821289000000000000000 11.24865221977233900000000000000000 20.12915205955505400000000000000000
0.46402621269226074000000000000000 10.73161482810974100000000000000000 19.59212017059326200000000000000000
0.45502591133117676000000000000000 10.52160120010376000000000000000000 20.44416904449462900000000000000000
0.45701885223388672000000000000000 10.34859466552734400000000000000000 20.78018784523010300000000000000000
0.59660625457763672000000000000000 11.15497255325317400000000000000000 20.73091983795166000000000000000000
0.41440439224243164000000000000000 10.06495761871337900000000000000000 20.12670803070068400000000000000000
0.40940594673156738000000000000000 10.75157451629638700000000000000000 19.53470897674560500000000000000000
0.46480870246887207000000000000000 10.34555673599243200000000000000000 19.40609002113342300000000000000000
0.51400661468505859000000000000000 10.72238802909851100000000000000000 19.71753096580505400000000000000000
0.46202254295349121000000000000000 11.34165096282959000000000000000000 20.35916399955749500000000000000000
