0.34001779556274414000000000000000 11.32164955139160200000000000000000 21.30421900749206500000000000000000
0.32102203369140625000000000000000 10.79361343383789100000000000000000 20.68818306922912600000000000000000
0.32601547241210938000000000000000 10.58560705184936500000000000000000 21.64723801612854000000000000000000
0.31301736831665039000000000000000 10.42459511756897000000000000000000 21.98425698280334500000000000000000
0.31400370597839355000000000000000 11.51516675949096700000000000000000 21.92073297500610400000000000000000
0.29740548133850098000000000000000 10.10535693168640100000000000000000 21.04711890220642100000000000000000
0.27881240844726563000000000000000 10.83055520057678200000000000000000 20.70531105995178200000000000000000
0.36080765724182129000000000000000 10.31576609611511200000000000000000 20.54251694679260300000000000000000
0.37940692901611328000000000000000 10.90876817703247100000000000000000 20.90652489662170400000000000000000
0.32002115249633789000000000000000 11.43565464019775400000000000000000 21.30221796035766600000000000000000
