0.45902681350708008000000000000000 10.73961806297302200000000000000000 19.65812420845031700000000000000000
0.45402026176452637000000000000000 10.58761048316955600000000000000000 19.40911102294921900000000000000000
0.44902801513671875000000000000000 10.76661086082458500000000000000000 20.71018481254577600000000000000000
0.45402407646179199000000000000000 9.80655789375305180000000000000000 20.22615718841552700000000000000000
0.55060911178588867000000000000000 10.59756350517272900000000000000000 20.74892091751098600000000000000000
0.43660902976989746000000000000000 10.01296281814575200000000000000000 19.98471808433532700000000000000000
0.49181365966796875000000000000000 10.84395837783813500000000000000000 19.79850006103515600000000000000000
0.42540550231933594000000000000000 10.21677303314209000000000000000000 19.35532498359680200000000000000000
0.52360892295837402000000000000000 9.22915148735046390000000000000000 18.19890499114990200000000000000000
0.45702815055847168000000000000000 9.88656139373779300000000000000000 19.16109609603881800000000000000000
