0.33601832389831543000000000000000 11.67767000198364300000000000000000 21.62823700904846200000000000000000
0.32302594184875488000000000000000 11.00962638854980500000000000000000 20.97420001029968300000000000000000
0.31601357460021973000000000000000 10.37859320640564000000000000000000 21.44122695922851600000000000000000
0.30902481079101563000000000000000 10.88261938095092800000000000000000 22.46828484535217300000000000000000
0.27740311622619629000000000000000 10.38075137138366700000000000000000 20.65731692314147900000000000000000
0.25660371780395508000000000000000 11.44657969474792500000000000000000 22.61595797538757300000000000000000
0.49560904502868652000000000000000 9.32174372673034670000000000000000 19.37369108200073200000000000000000
0.26820039749145508000000000000000 11.24797105789184600000000000000000 21.36291313171386700000000000000000
0.36740541458129883000000000000000 10.40275168418884300000000000000000 20.26470398902893100000000000000000
0.31002116203308105000000000000000 10.41259169578552200000000000000000 20.24815797805786100000000000000000
