1296 3 1
X1 X2 Y

-5 -5 1.48983824139
-5 -4.72222222222 1.77546824596
-5 -4.44444444444 2.12753527335
-5 -4.16666666667 2.56510419841
-5 -3.88888888889 3.1138535243
-5 -3.61111111111 3.80879296722
-5 -3.33333333333 4.69827872065
-5 -3.05555555556 5.85003223209
-5 -2.77777777778 7.36029475283
-5 -2.5 9.36795119774
-5 -2.22222222222 12.0766059776
-5 -1.94444444444 15.7894387535
-5 -1.66666666667 20.9644683192
-5 -1.38888888889 28.3014912926
-5 -1.11111111111 38.8744285324
-5 -0.833333333333 54.3151708627
-5 -0.555555555556 77.0073671809
-5 -0.277777777778 110.082995809
-5 -1.33226762955e-15 156.615384615
-5 0.277777777778 216.97354913
-5 0.555555555556 284.52561829
-5 0.833333333333 344.902154808
-5 1.11111111111 385.074914641
-5 1.38888888889 403.712343374
-5 1.66666666667 408.991368681
-5 1.94444444444 409.587555644
-5 2.22222222222 409.530856673
-5 2.5 407.093167702
-5 2.77777777778 395.160224081
-5 3.05555555556 364.361329434
-5 3.33333333333 311.212007505
-5 3.61111111111 244.69634004
-5 3.88888888889 180.194808591
-5 4.16666666667 127.86209388
-5 4.44444444444 89.6538854021
-5 4.72222222222 63.1496499921
-4.72222222222 -5 1.26589001386
-4.72222222222 -4.72222222222 1.51233741361
-4.72222222222 -4.44444444444 1.81629753426
-4.72222222222 -4.16666666667 2.19429534575
-4.72222222222 -3.88888888889 2.66859203376
-4.72222222222 -3.61111111111 3.26954296074
-4.72222222222 -3.33333333333 4.03908188433
-4.72222222222 -3.05555555556 5.0359441584
-4.72222222222 -2.77777777778 6.3436118938
-4.72222222222 -2.5 8.08257300622
-4.72222222222 -2.22222222222 10.4294840314
-4.72222222222 -1.94444444444 13.6474293671
-4.72222222222 -1.66666666667 18.1339024463
-4.72222222222 -1.38888888889 24.4962970611
-4.72222222222 -1.11111111111 33.6668465902
-4.72222222222 -0.833333333333 47.062331725
-4.72222222222 -0.555555555556 66.7525381675
-4.72222222222 -0.277777777778 95.4576963975
-4.72222222222 -1.33226762955e-15 135.848493209
-4.72222222222 0.277777777778 188.249482461
-4.72222222222 0.555555555556 246.907445631
-4.72222222222 0.833333333333 299.347752566
-4.72222222222 1.11111111111 334.253738021
-4.72222222222 1.38888888889 350.461120386
-4.72222222222 1.66666666667 355.064027987
-4.72222222222 1.94444444444 355.593689421
-4.72222222222 2.22222222222 355.550103046
-4.72222222222 2.5 353.434615993
-4.72222222222 2.77777777778 343.072459786
-4.72222222222 3.05555555556 316.330173098
-4.72222222222 3.33333333333 270.184734238
-4.72222222222 3.61111111111 212.437186725
-4.72222222222 3.88888888889 156.440250937
-4.72222222222 4.16666666667 111.008906991
-4.72222222222 4.44444444444 77.8401388037
-4.72222222222 4.72222222222 54.8320701803
-4.44444444444 -5 1.06484820911
-4.44444444444 -4.72222222222 1.27612077549
-4.44444444444 -4.44444444444 1.53689457821
-4.44444444444 -4.16666666667 1.86141447511
-4.44444444444 -3.88888888889 2.26887387286
-4.44444444444 -3.61111111111 2.78544984818
-4.44444444444 -3.33333333333 3.44731063824
-4.44444444444 -3.05555555556 4.305124641
-4.44444444444 -2.77777777778 5.43091988861
-4.44444444444 -2.5 6.92866902463
-4.44444444444 -2.22222222222 8.9508370584
-4.44444444444 -1.94444444444 11.724514247
-4.44444444444 -1.66666666667 15.5928594657
-4.44444444444 -1.38888888889 21.0803150541
-4.44444444444 -1.11111111111 28.9919193374
-4.44444444444 -0.833333333333 40.5513452978
-4.44444444444 -0.555555555556 57.5466187679
-4.44444444444 -0.277777777778 82.3283377899
-4.44444444444 -1.33226762955e-15 117.205732006
-4.44444444444 0.277777777778 162.463441345
-4.44444444444 0.555555555556 213.137027323
-4.44444444444 0.833333333333 258.452857606
-4.44444444444 1.11111111111 288.630777838
-4.44444444444 1.38888888889 302.656669808
-4.44444444444 1.66666666667 306.652616036
-4.44444444444 1.94444444444 307.122556468
-4.44444444444 2.22222222222 307.090741474
-4.44444444444 2.5 305.26450009
-4.44444444444 2.77777777778 296.31246416
-4.44444444444 3.05555555556 273.211857491
-4.44444444444 3.33333333333 233.353913325
-4.44444444444 3.61111111111 183.477643379
-4.44444444444 3.88888888889 135.115415306
-4.44444444444 4.16666666667 95.8795391652
-4.44444444444 4.44444444444 67.2347548572
-4.44444444444 4.72222222222 47.3652495003
-4.16666666667 -5 0.885094871243
-4.16666666667 -4.72222222222 1.06491729364
-4.16666666667 -4.44444444444 1.2870778099
-4.16666666667 -4.16666666667 1.56378260853
-4.16666666667 -3.88888888889 1.91148216662
-4.16666666667 -3.61111111111 2.35261771695
-4.16666666667 -3.33333333333 2.91820249148
-4.16666666667 -3.05555555556 3.65169214825
-4.16666666667 -2.77777777778 4.61487352167
-4.16666666667 -2.5 5.89695279766
-4.16666666667 -2.22222222222 7.62876511801
-4.16666666667 -1.94444444444 10.0052180454
-4.16666666667 -1.66666666667 13.3208894246
-4.16666666667 -1.38888888889 18.0260539336
-4.16666666667 -1.11111111111 24.8120236238
-4.16666666667 -0.833333333333 34.7298120874
-4.16666666667 -0.555555555556 49.3155210507
-4.16666666667 -0.277777777778 70.5892567735
-4.16666666667 -1.33226762955e-15 100.537066714
-4.16666666667 0.277777777778 139.407903385
-4.16666666667 0.555555555556 182.942583837
-4.16666666667 0.833333333333 221.888353623
-4.16666666667 1.11111111111 247.838866991
-4.16666666667 1.38888888889 259.914268213
-4.16666666667 1.66666666667 263.367524661
-4.16666666667 1.94444444444 263.784067993
-4.16666666667 2.22222222222 263.762777901
-4.16666666667 2.5 262.195153746
-4.16666666667 2.77777777778 254.503919403
-4.16666666667 3.05555555556 234.659372535
-4.16666666667 3.33333333333 200.423135553
-4.16666666667 3.61111111111 157.584647712
-4.16666666667 3.88888888889 116.04868245
-4.16666666667 4.16666666667 82.352231401
-4.16666666667 4.44444444444 57.7523829394
-4.16666666667 4.72222222222 40.6890960401
-3.88888888889 -5 0.725071310171
-3.88888888889 -4.72222222222 0.876895565206
-3.88888888889 -4.44444444444 1.06468100016
-3.88888888889 -4.16666666667 1.29881889913
-3.88888888889 -3.88888888889 1.59331787432
-3.88888888889 -3.61111111111 1.96729336187
-3.88888888889 -3.33333333333 2.44716940335
-3.88888888889 -3.05555555556 3.06998058922
-3.88888888889 -2.77777777778 3.88839663289
-3.88888888889 -2.5 4.9784780332
-3.88888888889 -2.22222222222 6.45180416469
-3.88888888889 -1.94444444444 8.47463227721
-3.88888888889 -1.66666666667 11.2982914526
-3.88888888889 -1.38888888889 15.3070293706
-3.88888888889 -1.11111111111 21.0909144364
-3.88888888889 -0.833333333333 29.5472519952
-3.88888888889 -0.555555555556 41.9878709281
-3.88888888889 -0.277777777778 60.1386605827
-3.88888888889 -1.33226762955e-15 85.6979588008
-3.88888888889 0.277777777778 118.88294774
-3.88888888889 0.555555555556 156.062290939
-3.88888888889 0.833333333333 189.337179855
-3.88888888889 1.11111111111 211.524287723
-3.88888888889 1.38888888889 221.863284608
-3.88888888889 1.66666666667 224.833417059
-3.88888888889 1.94444444444 225.202424171
-3.88888888889 2.22222222222 225.190503764
-3.88888888889 2.5 223.853110939
-3.88888888889 2.77777777778 217.284292247
-3.88888888889 3.05555555556 200.338419142
-3.88888888889 3.33333333333 171.106849188
-3.88888888889 3.61111111111 134.533674513
-3.88888888889 3.88888888889 99.0747195419
-3.88888888889 4.16666666667 70.3096847319
-3.88888888889 4.44444444444 49.3107988235
-3.88888888889 4.72222222222 34.7457190566
-3.61111111111 -5 0.583278101574
-3.61111111111 -4.72222222222 0.710293822428
-3.61111111111 -4.44444444444 0.867620285956
-3.61111111111 -4.16666666667 1.06404063107
-3.61111111111 -3.88888888889 1.31139978948
-3.61111111111 -3.61111111111 1.62586628518
-3.61111111111 -3.33333333333 2.02979778336
-3.61111111111 -3.05555555556 2.5545393137
-3.61111111111 -2.77777777778 3.24468211772
-3.61111111111 -2.5 4.16463860234
-3.61111111111 -2.22222222222 5.40892604822
-3.61111111111 -1.94444444444 7.11841531986
-3.61111111111 -1.66666666667 9.50611376186
-3.61111111111 -1.38888888889 12.8977640446
-3.61111111111 -1.11111111111 17.7937248995
-3.61111111111 -0.833333333333 24.9551043185
-3.61111111111 -0.555555555556 35.495008156
-3.61111111111 -0.277777777778 50.8786268995
-3.61111111111 -1.33226762955e-15 72.549365496
-3.61111111111 0.277777777778 100.69625512
-3.61111111111 0.555555555556 132.244279688
-3.61111111111 0.833333333333 160.494331082
-3.61111111111 1.11111111111 179.346771619
-3.61111111111 1.38888888889 188.147180433
-3.61111111111 1.66666666667 190.689227786
-3.61111111111 1.94444444444 191.016114144
-3.61111111111 2.22222222222 191.012496
-3.61111111111 2.5 189.879105878
-3.61111111111 2.77777777778 184.304833961
-3.61111111111 3.05555555556 169.92740922
-3.61111111111 3.33333333333 145.130359976
-3.61111111111 3.61111111111 114.108735653
-3.61111111111 3.88888888889 84.0344801718
-3.61111111111 4.16666666667 59.6390602286
-3.61111111111 4.44444444444 41.8309046791
-3.61111111111 4.72222222222 29.4794289757
-3.33333333333 -5 0.458275086922
-3.33333333333 -4.72222222222 0.563419932629
-3.33333333333 -4.44444444444 0.693894170376
-3.33333333333 -4.16666666667 0.857063219582
-3.33333333333 -3.88888888889 1.06286453989
-3.33333333333 -3.61111111111 1.32486869657
-3.33333333333 -3.33333333333 1.66184849124
-3.33333333333 -3.05555555556 2.1001331122
-3.33333333333 -2.77777777778 2.67719192713
-3.33333333333 -2.5 3.44716853937
-3.33333333333 -2.22222222222 4.48953851361
-3.33333333333 -1.94444444444 5.92279241331
-3.33333333333 -1.66666666667 7.92615364701
-3.33333333333 -1.38888888889 10.7737876437
-3.33333333333 -1.11111111111 14.886966275
-3.33333333333 -0.833333333333 20.9067277495
-3.33333333333 -0.555555555556 29.7709863338
-3.33333333333 -0.277777777778 42.7151038531
-3.33333333333 -1.33226762955e-15 60.9577397911
-3.33333333333 0.277777777778 84.6631077885
-3.33333333333 0.555555555556 111.246636438
-3.33333333333 0.833333333333 135.066857626
-3.33333333333 1.11111111111 150.979499613
-3.33333333333 1.38888888889 158.423509561
-3.33333333333 1.66666666667 160.588162762
-3.33333333333 1.94444444444 160.877916021
-3.33333333333 2.22222222222 160.881617042
-3.33333333333 2.5 159.928073001
-3.33333333333 2.77777777778 155.230580347
-3.33333333333 3.05555555556 143.117465665
-3.33333333333 3.33333333333 122.229831144
-3.33333333333 3.61111111111 96.1023800811
-3.33333333333 3.88888888889 70.7752043505
-3.33333333333 4.16666666667 50.2319789986
-3.33333333333 4.44444444444 35.2367290723
-3.33333333333 4.72222222222 24.8367373922
-3.05555555556 -5 0.348681373463
-3.05555555556 -4.72222222222 0.434651398223
-3.05555555556 -4.44444444444 0.541583522636
-3.05555555556 -4.16666666667 0.675600210945
-3.05555555556 -3.88888888889 0.844966587549
-3.05555555556 -3.61111111111 1.06097551311
-3.05555555556 -3.33333333333 1.33925683696
-3.05555555556 -3.05555555556 1.70174221596
-3.05555555556 -2.77777777778 2.17965706758
-3.05555555556 -2.5 2.81814204177
-3.05555555556 -2.22222222222 3.68348520118
-3.05555555556 -1.94444444444 4.87455566006
-3.05555555556 -1.66666666667 6.54095748527
-3.05555555556 -1.38888888889 8.91163686514
-3.05555555556 -1.11111111111 12.3385279619
-3.05555555556 -0.833333333333 17.357400376
-3.05555555556 -0.555555555556 24.7525729047
-3.05555555556 -0.277777777778 35.5579100204
-3.05555555556 -1.33226762955e-15 50.7950304392
-3.05555555556 0.277777777778 70.6063895613
-3.05555555556 0.555555555556 92.8374028363
-3.05555555556 0.833333333333 112.773865352
-3.05555555556 1.11111111111 126.109101978
-3.05555555556 1.38888888889 132.363918298
-3.05555555556 1.66666666667 134.197699266
-3.05555555556 1.94444444444 134.454896877
-3.05555555556 2.22222222222 134.465014819
-3.05555555556 2.5 133.669146973
-3.05555555556 2.77777777778 129.740351745
-3.05555555556 3.05555555556 119.612422368
-3.05555555556 3.33333333333 102.152283401
-3.05555555556 3.61111111111 80.3156938284
-3.05555555556 3.88888888889 59.1504185079
-3.05555555556 4.16666666667 41.9845221859
-3.05555555556 4.44444444444 29.4554269657
-3.05555555556 4.72222222222 20.7663570698
-2.77777777778 -5 0.253175334232
-2.77777777778 -4.72222222222 0.322435356713
-2.77777777778 -4.44444444444 0.408851578082
-2.77777777778 -4.16666666667 0.517463282514
-2.77777777778 -3.88888888889 0.655078228743
-2.77777777778 -3.61111111111 0.831004359322
-2.77777777778 -3.33333333333 1.05813258068
-2.77777777778 -3.05555555556 1.35456229692
-2.77777777778 -2.77777777778 1.74607760106
-2.77777777778 -2.5 2.26997347022
-2.77777777778 -2.22222222222 2.98104564649
-2.77777777778 -1.94444444444 3.9610640252
-2.77777777778 -1.66666666667 5.33382073636
-2.77777777778 -1.38888888889 7.28885541443
-2.77777777778 -1.11111111111 10.1176774967
-2.77777777778 -0.833333333333 14.2643196812
-2.77777777778 -0.555555555556 20.3792491555
-2.77777777778 -0.277777777778 29.3207344251
-2.77777777778 -1.33226762955e-15 41.9386819551
-2.77777777778 0.277777777778 58.3565858081
-2.77777777778 0.555555555556 76.7945758248
-2.77777777778 0.833333333333 93.346515667
-2.77777777778 1.11111111111 104.435658336
-2.77777777778 1.38888888889 109.654145383
-2.77777777778 1.66666666667 111.19958594
-2.77777777778 1.94444444444 111.428412753
-2.77777777778 2.22222222222 111.444122756
-2.77777777778 2.5 110.785662692
-2.77777777778 2.77777777778 107.526753025
-2.77777777778 3.05555555556 99.1288242078
-2.77777777778 3.33333333333 84.655594932
-2.77777777778 3.61111111111 66.5583000055
-2.77777777778 3.88888888889 49.019935493
-2.77777777778 4.16666666667 34.7972309713
-2.77777777778 4.44444444444 24.4172797183
-2.77777777778 4.72222222222 17.2192019413
-2.5 -5 0.170494608046
-2.5 -4.72222222222 0.225288580693
-2.5 -4.44444444444 0.293943938187
-2.5 -4.16666666667 0.380562242697
-2.5 -3.88888888889 0.490689593985
-2.5 -3.61111111111 0.631915567135
-2.5 -3.33333333333 0.814759932777
-2.5 -3.05555555556 1.05400446775
-2.5 -2.77777777778 1.37072264509
-2.5 -2.5 1.79541734861
-2.5 -2.22222222222 2.37293528036
-2.5 -1.94444444444 3.17024333633
-2.5 -1.66666666667 4.28878794253
-2.5 -1.38888888889 5.88399400602
-2.5 -1.11111111111 8.19506055352
-2.5 -0.833333333333 11.5866025435
-2.5 -0.555555555556 16.5932102165
-2.5 -0.277777777778 23.9211365388
-2.5 -1.33226762955e-15 34.2716346154
-2.5 0.277777777778 47.751783451
-2.5 0.555555555556 62.9061076393
-2.5 0.833333333333 76.5280255192
-2.5 1.11111111111 85.6726976516
-2.5 1.38888888889 89.9940219898
-2.5 1.66666666667 91.2898427867
-2.5 1.94444444444 91.494108659
-2.5 2.22222222222 91.5146597766
-2.5 2.5 90.9751552795
-2.5 2.77777777778 88.2961735969
-2.5 3.05555555556 81.3959270592
-2.5 3.33333333333 69.5085014071
-2.5 3.61111111111 54.6483588032
-2.5 3.88888888889 40.2498545742
-2.5 4.16666666667 28.5751065726
-2.5 4.44444444444 20.0556950855
-2.5 4.72222222222 14.1483871081
-2.22222222222 -5 0.0994360995061
-2.22222222222 -4.72222222222 0.141797477846
-2.22222222222 -4.44444444444 0.195188570551
-2.22222222222 -4.16666666667 0.262905030964
-2.22222222222 -3.88888888889 0.349408648041
-2.22222222222 -3.61111111111 0.460812175904
-2.22222222222 -3.33333333333 0.605597553864
-2.22222222222 -3.05555555556 0.795695281853
-2.22222222222 -2.77777777778 1.04813037268
-2.22222222222 -2.5 1.38756836402
-2.22222222222 -2.22222222222 1.85030542891
-2.22222222222 -1.94444444444 2.49058628364
-2.22222222222 -1.66666666667 3.39065272854
-2.22222222222 -1.38888888889 4.67661036302
-2.22222222222 -1.11111111111 6.54270094345
-2.22222222222 -0.833333333333 9.28528523687
-2.22222222222 -0.555555555556 13.3393650619
-2.22222222222 -0.277777777778 19.2805462801
-2.22222222222 -1.33226762955e-15 27.682324458
-2.22222222222 0.277777777778 38.6376709653
-2.22222222222 0.555555555556 50.9699058096
-2.22222222222 0.833333333333 62.0736674004
-2.22222222222 1.11111111111 69.5471982326
-2.22222222222 1.38888888889 73.0974717235
-2.22222222222 1.66666666667 74.1787611697
-2.22222222222 1.94444444444 74.36191857
-2.22222222222 2.22222222222 74.386630299
-2.22222222222 2.5 73.9493600904
-2.22222222222 2.77777777778 71.768787402
-2.22222222222 3.05555555556 66.1556977868
-2.22222222222 3.33333333333 56.4905959743
-2.22222222222 3.61111111111 44.4125674927
-2.22222222222 3.88888888889 32.7125614393
-2.22222222222 4.16666666667 23.2276102439
-2.22222222222 4.44444444444 16.3072072192
-2.22222222222 4.72222222222 11.509228841
-1.94444444444 -5 0.0388559789946
-1.94444444444 -4.72222222222 0.0706180909428
-1.94444444444 -4.44444444444 0.110995808904
-1.94444444444 -4.16666666667 0.162597717847
-1.94444444444 -3.88888888889 0.228961189924
-1.94444444444 -3.61111111111 0.314939932401
-1.94444444444 -3.33333333333 0.427278554756
-1.94444444444 -3.05555555556 0.575476733329
-1.94444444444 -2.77777777778 0.773108012373
-1.94444444444 -2.5 1.03986136672
-1.94444444444 -2.22222222222 1.40474331348
-1.94444444444 -1.94444444444 1.91115241985
-1.94444444444 -1.66666666667 2.62495780168
-1.94444444444 -1.38888888889 3.64726921727
-1.94444444444 -1.11111111111 5.1340006152
-1.94444444444 -0.833333333333 7.32332343053
-1.94444444444 -0.555555555556 10.5653365094
-1.94444444444 -0.277777777778 15.3242640151
-1.94444444444 -1.33226762955e-15 22.0646832829
-1.94444444444 0.277777777778 30.867538379
-1.94444444444 0.555555555556 40.7938331599
-1.94444444444 0.833333333333 49.7507693445
-1.94444444444 1.11111111111 55.7995877328
-1.94444444444 1.38888888889 58.6925106233
-1.94444444444 1.66666666667 59.5909038148
-1.94444444444 1.94444444444 59.7560654282
-1.94444444444 2.22222222222 59.7843242389
-1.94444444444 2.5 59.4342127062
-1.94444444444 2.77777777778 57.6785529179
-1.94444444444 3.05555555556 53.1628142475
-1.94444444444 3.33333333333 45.3923292625
-1.94444444444 3.61111111111 35.6861604254
-1.94444444444 3.88888888889 26.2867281953
-1.94444444444 4.16666666667 18.6686632764
-1.94444444444 4.44444444444 13.1114766679
-1.94444444444 4.72222222222 9.25924457936
-1.66666666667 -5 -0.0123303173213
-1.66666666667 -4.72222222222 0.010476097846
-1.66666666667 -4.44444444444 0.0398583531027
-1.66666666667 -4.16666666667 0.0778445049364
-1.66666666667 -3.88888888889 0.127190852895
-1.66666666667 -3.61111111111 0.191687290822
-1.66666666667 -3.33333333333 0.276610496488
-1.66666666667 -3.05555555556 0.38940625701
-1.66666666667 -2.77777777778 0.540731848223
-1.66666666667 -2.5 0.746071370185
-1.66666666667 -2.22222222222 1.02827205072
-1.66666666667 -1.94444444444 1.42156816025
-1.66666666667 -1.66666666667 1.97799495178
-1.66666666667 -1.38888888889 2.7775423093
-1.66666666667 -1.11111111111 3.94373965478
-1.66666666667 -0.833333333333 5.66559218914
-1.66666666667 -0.555555555556 8.22146122026
-1.66666666667 -0.277777777778 11.9814605572
-1.66666666667 -1.33226762955e-15 17.3181386515
-1.66666666667 0.277777777778 24.3022772732
-1.66666666667 0.555555555556 32.1957078081
-1.66666666667 0.833333333333 39.3387149274
-1.66666666667 1.11111111111 44.1837431498
-1.66666666667 1.38888888889 46.5212471615
-1.66666666667 1.66666666667 47.2651048089
-1.66666666667 1.94444444444 47.4150611425
-1.66666666667 2.22222222222 47.4463170085
-1.66666666667 2.5 47.169848938
-1.66666666667 2.77777777778 45.7732131567
-1.66666666667 3.05555555556 42.1846652899
-1.66666666667 3.33333333333 36.0150093809
-1.66666666667 3.61111111111 28.3129090329
-1.66666666667 3.88888888889 20.8573133688
-1.66666666667 4.16666666667 14.8166469979
-1.66666666667 4.44444444444 10.4112903764
-1.66666666667 4.72222222222 7.35815293164
-1.38888888889 -5 -0.0551480874916
-1.38888888889 -4.72222222222 -0.0398331884931
-1.38888888889 -4.44444444444 -0.0196487308676
-1.38888888889 -4.16666666667 0.00694772488402
-1.38888888889 -3.88888888889 0.0420591044647
-1.38888888889 -3.61111111111 0.0885854127842
-1.38888888889 -3.33333333333 0.150575390313
-1.38888888889 -3.05555555556 0.233756728447
-1.38888888889 -2.77777777778 0.346347219803
-1.38888888889 -2.5 0.500313551097
-1.38888888889 -2.22222222222 0.713350652518
-1.38888888889 -1.94444444444 1.01202678267
-1.38888888889 -1.66666666667 1.43680505117
-1.38888888889 -1.38888888889 2.05000838838
-1.38888888889 -1.11111111111 2.9480762856
-1.38888888889 -0.833333333333 4.27888597269
-1.38888888889 -0.555555555556 6.26078969955
-1.38888888889 -0.277777777778 9.18517716715
-1.38888888889 -1.33226762955e-15 13.3476138868
-1.38888888889 0.277777777778 18.8103807821
-1.38888888889 0.555555555556 25.0033031666
-1.38888888889 0.833333333333 30.6289432674
-1.38888888889 1.11111111111 34.4669908258
-1.38888888889 1.38888888889 36.3398822436
-1.38888888889 1.66666666667 36.9544696001
-1.38888888889 1.94444444444 37.0917065885
-1.38888888889 2.22222222222 37.1254695167
-1.38888888889 2.5 36.9106048256
-1.38888888889 2.77777777778 35.8142956654
-1.38888888889 3.05555555556 33.0013507547
-1.38888888889 3.33333333333 28.170801919
-1.38888888889 3.61111111111 22.145121827
-1.38888888889 3.88888888889 16.3155619053
-1.38888888889 4.16666666667 11.5944027728
-1.38888888889 4.44444444444 8.15256168589
-1.38888888889 4.72222222222 5.76787367521
-1.11111111111 -5 -0.090563363783
-1.11111111111 -4.72222222222 -0.0814448200339
-1.11111111111 -4.44444444444 -0.0688680108936
-1.11111111111 -4.16666666667 -0.0516921585975
-1.11111111111 -3.88888888889 -0.0283547536095
-1.11111111111 -3.61111111111 0.00330816732361
-1.11111111111 -3.33333333333 0.0463296976978
-1.11111111111 -3.05555555556 0.105016463908
-1.11111111111 -2.77777777778 0.185568522198
-1.11111111111 -2.5 0.297043249324
-1.11111111111 -2.22222222222 0.452874026036
-1.11111111111 -1.94444444444 0.67328842749
-1.11111111111 -1.66666666667 0.989178054719
-1.11111111111 -1.38888888889 1.44825321248
-1.11111111111 -1.11111111111 2.12454686843
-1.11111111111 -0.833333333333 3.13191863657
-1.11111111111 -0.555555555556 4.63908629589
-1.11111111111 -0.277777777778 6.87232555313
-1.11111111111 -1.33226762955e-15 10.0635280738
-1.11111111111 0.277777777778 14.2679435924
-1.11111111111 0.555555555556 19.0543479415
-1.11111111111 0.833333333333 23.4249490251
-1.11111111111 1.11111111111 26.4301064471
-1.11111111111 1.38888888889 27.9187092083
-1.11111111111 1.66666666667 28.4263749981
-1.11111111111 1.94444444444 28.5530916085
-1.11111111111 2.22222222222 28.5889281687
-1.11111111111 2.5 28.4250166379
-1.11111111111 2.77777777778 27.5771125259
-1.11111111111 3.05555555556 25.4056814744
-1.11111111111 3.33333333333 21.682729947
-1.11111111111 3.61111111111 17.0436443999
-1.11111111111 3.88888888889 12.55900517
-1.11111111111 4.16666666667 8.92923200249
-1.11111111111 4.44444444444 6.28433033422
-1.11111111111 4.72222222222 4.45252775637
-0.833333333333 -5 -0.119482912679
-0.833333333333 -4.72222222222 -0.115424213646
-0.833333333333 -4.44444444444 -0.109059688734
-0.833333333333 -4.16666666667 -0.0995765507352
-0.833333333333 -3.88888888889 -0.0858535853222
-0.833333333333 -3.61111111111 -0.0663278691011
-0.833333333333 -3.33333333333 -0.0387956696711
-0.833333333333 -3.05555555556 -0.000110779618061
-0.833333333333 -2.77777777778 0.0542792060122
-0.833333333333 -2.5 0.131055967935
-0.833333333333 -2.22222222222 0.240172973703
-0.833333333333 -1.94444444444 0.396680097656
-0.833333333333 -1.66666666667 0.623652999806
-0.833333333333 -1.38888888889 0.956869548265
-0.833333333333 -1.11111111111 1.45206590143
-0.833333333333 -0.833333333333 2.19532343156
-0.833333333333 -0.555555555556 3.31482920154
-0.833333333333 -0.277777777778 4.98368787061
-0.833333333333 -1.33226762955e-15 7.38179605888
-0.833333333333 0.277777777778 10.5586619442
-0.833333333333 0.555555555556 14.1965261333
-0.833333333333 0.833333333333 17.5422824035
-0.833333333333 1.11111111111 19.8673150446
-0.833333333333 1.38888888889 21.0421138274
-0.833333333333 1.66666666667 21.4624691739
-0.833333333333 1.94444444444 21.5805950116
-0.833333333333 2.22222222222 21.6181248667
-0.833333333333 2.5 21.4958208726
-0.833333333333 2.77777777778 20.8507603549
-0.833333333333 3.05555555556 19.2031792733
-0.833333333333 3.33333333333 16.384674015
-0.833333333333 3.61111111111 12.8778594239
-0.833333333333 3.88888888889 9.49146094709
-0.833333333333 4.16666666667 6.75289612485
-0.833333333333 4.44444444444 4.75876245556
-0.833333333333 4.72222222222 3.37843729038
-0.555555555556 -5 -0.14275423488
-0.555555555556 -4.72222222222 -0.14276715111
-0.555555555556 -4.44444444444 -0.14140160002
-0.555555555556 -4.16666666667 -0.138108725695
-0.555555555556 -3.88888888889 -0.13212242042
-0.555555555556 -3.61111111111 -0.122363412611
-0.555555555556 -3.33333333333 -0.107295349892
-0.555555555556 -3.05555555556 -0.0847058044225
-0.555555555556 -2.77777777778 -0.051368222635
-0.555555555556 -2.5 -0.00251262680122
-0.555555555556 -2.22222222222 0.0690141932148
-0.555555555556 -1.94444444444 0.17409565866
-0.555555555556 -1.66666666667 0.329518006346
-0.555555555556 -1.38888888889 0.561457171147
-0.555555555556 -1.11111111111 0.910926020116
-0.555555555556 -0.833333333333 1.44165300377
-0.555555555556 -0.555555555556 2.24921045242
-0.555555555556 -0.277777777778 3.46391672242
-0.555555555556 -1.33226762955e-15 5.22382845017
-0.555555555556 0.277777777778 7.57383363039
-0.555555555556 0.555555555556 10.2874770365
-0.555555555556 0.833333333333 12.8085491476
-0.555555555556 1.11111111111 14.5862909936
-0.555555555556 1.38888888889 15.5085743061
-0.555555555556 1.66666666667 15.8586716597
-0.555555555556 1.94444444444 15.9698845737
-0.555555555556 2.22222222222 16.0087770091
-0.555555555556 2.5 15.9199542563
-0.555555555556 2.77777777778 15.4381203041
-0.555555555556 3.05555555556 14.2120769676
-0.555555555556 3.33333333333 12.1213721539
-0.555555555556 3.61111111111 9.52568665159
-0.555555555556 3.88888888889 7.0230334404
-0.555555555556 4.16666666667 5.00161661465
-0.555555555556 4.44444444444 3.53115058059
-0.555555555556 4.72222222222 2.51412556143
-0.277777777778 -5 -0.161165565303
-0.277777777778 -4.72222222222 -0.164399779116
-0.277777777778 -4.44444444444 -0.166989214254
-0.277777777778 -4.16666666667 -0.168593826584
-0.277777777778 -3.88888888889 -0.168728454401
-0.277777777778 -3.61111111111 -0.166696471904
-0.277777777778 -3.33333333333 -0.161489530847
-0.277777777778 -3.05555555556 -0.151633972077
-0.277777777778 -2.77777777778 -0.134952202108
-0.277777777778 -2.5 -0.10818670542
-0.277777777778 -2.22222222222 -0.0663997224684
-0.277777777778 -1.94444444444 -0.00200416145137
-0.277777777778 -1.66666666667 0.096810276773
-0.277777777778 -1.38888888889 0.248622865234
-0.277777777778 -1.11111111111 0.482797997401
-0.277777777778 -0.833333333333 0.845379394728
-0.277777777778 -0.555555555556 1.40613592811
-0.277777777778 -0.277777777778 2.26153515876
-0.277777777778 -1.33226762955e-15 3.51653161748
-0.277777777778 0.277777777778 5.21235799666
-0.277777777778 0.555555555556 7.19479523951
-0.277777777778 0.833333333333 9.06341054506
-0.277777777778 1.11111111111 10.4081580137
-0.277777777778 1.38888888889 11.1306612827
-0.277777777778 1.66666666667 11.4251733495
-0.277777777778 1.94444444444 11.5309170373
-0.277777777778 2.22222222222 11.5708874912
-0.277777777778 2.5 11.5085537446
-0.277777777778 2.77777777778 11.1558580597
-0.277777777778 3.05555555556 10.2633183654
-0.277777777778 3.33333333333 8.74841987469
-0.277777777778 3.61111111111 6.87358291582
-0.277777777778 3.88888888889 5.07011327289
-0.277777777778 4.16666666667 3.61607498333
-0.277777777778 4.44444444444 2.55991363642
-0.277777777778 4.72222222222 1.83031702262
-1.33226762955e-15 -5 -0.175445873082
-1.33226762955e-15 -4.72222222222 -0.181178609265
-1.33226762955e-15 -4.44444444444 -0.186835634811
-1.33226762955e-15 -4.16666666667 -0.192238865446
-1.33226762955e-15 -3.88888888889 -0.197121048515
-1.33226762955e-15 -3.61111111111 -0.201082348261
-1.33226762955e-15 -3.33333333333 -0.2035239502
-1.33226762955e-15 -3.05555555556 -0.203545203434
-1.33226762955e-15 -2.77777777778 -0.199782115256
-1.33226762955e-15 -2.5 -0.190150275257
-1.33226762955e-15 -2.22222222222 -0.17143028512
-1.33226762955e-15 -1.94444444444 -0.138591772081
-1.33226762955e-15 -1.66666666667 -0.0836839039544
-1.33226762955e-15 -1.38888888889 0.00598042334781
-1.33226762955e-15 -1.11111111111 0.150730743562
-1.33226762955e-15 -0.833333333333 0.382894041314
-1.33226762955e-15 -0.555555555556 0.752225351787
-1.33226762955e-15 -0.277777777778 1.32893667716
-1.33226762955e-15 -1.33226762955e-15 2.19230769231
-1.33226762955e-15 0.277777777778 3.38073594181
-1.33226762955e-15 0.555555555556 4.79603062514
-1.33226762955e-15 0.833333333333 6.15858342556
-1.33226762955e-15 1.11111111111 7.16748916879
-1.33226762955e-15 1.38888888889 7.73503782879
-1.33226762955e-15 1.66666666667 7.98643649815
-1.33226762955e-15 1.94444444444 8.08793811163
-1.33226762955e-15 2.22222222222 8.12874470484
-1.33226762955e-15 2.5 8.08695652174
-1.33226762955e-15 2.77777777778 7.8344238432
-1.33226762955e-15 3.05555555556 7.20055826676
-1.33226762955e-15 3.33333333333 6.13227016886
-1.33226762955e-15 3.61111111111 4.81654212964
-1.33226762955e-15 3.88888888889 3.55537748691
-1.33226762955e-15 4.16666666667 2.54141277908
-1.33226762955e-15 4.44444444444 1.80659694664
-1.33226762955e-15 4.72222222222 1.29993729603
0.277777777778 -5 -0.186264861567
0.277777777778 -4.72222222222 -0.193890518069
0.277777777778 -4.44444444444 -0.201871598938
0.277777777778 -4.16666666667 -0.210152723267
0.277777777778 -3.88888888889 -0.218631729765
0.277777777778 -3.61111111111 -0.227133635539
0.277777777778 -3.33333333333 -0.235369895401
0.277777777778 -3.05555555556 -0.242873978626
0.277777777778 -2.77777777778 -0.24889828941
0.277777777778 -2.5 -0.25224718045
0.277777777778 -2.22222222222 -0.251003111246
0.277777777778 -1.94444444444 -0.242072720076
0.277777777778 -1.66666666667 -0.220429168355
0.277777777778 -1.38888888889 -0.177849352973
0.277777777778 -1.11111111111 -0.100848693746
0.277777777778 -0.833333333333 0.0325077757906
0.277777777778 -0.555555555556 0.25681229031
0.277777777778 -0.277777777778 0.622385222529
0.277777777778 -1.33226762955e-15 1.18905456778
0.277777777778 0.277777777778 1.99306991756
0.277777777778 0.555555555556 2.97868837009
0.277777777778 0.833333333333 3.95784016119
0.277777777778 1.11111111111 4.71230686741
0.277777777778 1.38888888889 5.16245944902
0.277777777778 1.66666666667 5.38119472226
0.277777777778 1.94444444444 5.47948247268
0.277777777778 2.22222222222 5.52092253832
0.277777777778 2.5 5.49470000123
0.277777777778 2.77777777778 5.31805241064
0.277777777778 3.05555555556 4.88016246342
0.277777777778 3.33333333333 4.15023350821
0.277777777778 3.61111111111 3.25809528634
0.277777777778 3.88888888889 2.40778954409
0.277777777778 4.16666666667 1.72723158681
0.277777777778 4.44444444444 1.23587223126
0.277777777778 4.72222222222 0.898113172661
0.555555555556 -5 -0.194232968326
0.555555555556 -4.72222222222 -0.20325274695
0.555555555556 -4.44444444444 -0.212945477753
0.555555555556 -4.16666666667 -0.223346149969
0.555555555556 -3.88888888889 -0.234474190906
0.555555555556 -3.61111111111 -0.246320220174
0.555555555556 -3.33333333333 -0.258824203679
0.555555555556 -3.05555555556 -0.271839337065
0.555555555556 -2.77777777778 -0.285071996386
0.555555555556 -2.5 -0.297981101939
0.555555555556 -2.22222222222 -0.309607922088
0.555555555556 -1.94444444444 -0.318285689732
0.555555555556 -1.66666666667 -0.321141066422
0.555555555556 -1.38888888889 -0.313238653479
0.555555555556 -1.11111111111 -0.286135129493
0.555555555556 -0.833333333333 -0.225549174206
0.555555555556 -0.555555555556 -0.108055845836
0.555555555556 -0.277777777778 0.102015187119
0.555555555556 -1.33226762955e-15 0.450165898726
0.555555555556 0.277777777778 0.971063928554
0.555555555556 0.555555555556 1.64022894522
0.555555555556 0.833333333333 2.33700866633
0.555555555556 1.11111111111 2.90408286231
0.555555555556 1.38888888889 3.26777408138
0.555555555556 1.66666666667 3.46245299965
0.555555555556 1.94444444444 3.55837376317
0.555555555556 2.22222222222 3.60028037668
0.555555555556 2.5 3.58552182528
0.555555555556 2.77777777778 3.46476305304
0.555555555556 3.05555555556 3.17120773913
0.555555555556 3.33333333333 2.69047784495
0.555555555556 3.61111111111 2.11031045946
0.555555555556 3.88888888889 1.56259932543
0.555555555556 4.16666666667 1.12759302819
0.555555555556 4.44444444444 0.815537606798
0.555555555556 4.72222222222 0.60217261244
0.833333333333 -5 -0.199901365142
0.833333333333 -4.72222222222 -0.209912902241
0.833333333333 -4.44444444444 -0.220823276246
0.833333333333 -4.16666666667 -0.232731764418
0.833333333333 -3.88888888889 -0.245744290444
0.833333333333 -3.61111111111 -0.259969281181
0.833333333333 -3.33333333333 -0.27550926205
0.833333333333 -3.05555555556 -0.292444877445
0.833333333333 -2.77777777778 -0.310805452485
0.833333333333 -2.5 -0.330515557466
0.833333333333 -2.22222222222 -0.351298543622
0.833333333333 -1.94444444444 -0.372502502793
0.833333333333 -1.66666666667 -0.392786065627
0.833333333333 -1.38888888889 -0.409552659205
0.833333333333 -1.11111111111 -0.417945241273
0.833333333333 -0.833333333333 -0.409127185663
0.833333333333 -0.555555555556 -0.367617802525
0.833333333333 -0.277777777778 -0.268168589462
0.833333333333 -1.33226762955e-15 -0.0754688983856
0.833333333333 0.277777777778 0.244023532381
0.833333333333 0.555555555556 0.68806811545
0.833333333333 0.833333333333 1.18397239763
0.833333333333 1.11111111111 1.61773825065
0.833333333333 1.38888888889 1.91992209703
0.833333333333 1.66666666667 2.09748766954
0.833333333333 1.94444444444 2.19172459255
0.833333333333 2.22222222222 2.23396310151
0.833333333333 2.5 2.22735986504
0.833333333333 2.77777777778 2.14635959624
0.833333333333 3.05555555556 1.95548186946
0.833333333333 3.33333333333 1.65202861163
0.833333333333 3.61111111111 1.29379280279
0.833333333333 3.88888888889 0.961343131207
0.833333333333 4.16666666667 0.701018761591
0.833333333333 4.44444444444 0.516517586188
0.833333333333 4.72222222222 0.391644744247
1.11111111111 -5 -0.203761958018
1.11111111111 -4.72222222222 -0.214448955184
1.11111111111 -4.44444444444 -0.226188633281
1.11111111111 -4.16666666667 -0.239124054415
1.11111111111 -3.88888888889 -0.253420052636
1.11111111111 -3.61111111111 -0.269265290156
1.11111111111 -3.33333333333 -0.286873007313
1.11111111111 -3.05555555556 -0.306478757739
1.11111111111 -2.77777777778 -0.328331818491
1.11111111111 -2.5 -0.352673901575
1.11111111111 -2.22222222222 -0.379692906554
1.11111111111 -1.94444444444 -0.409428118446
1.11111111111 -1.66666666667 -0.441581550916
1.11111111111 -1.38888888889 -0.475149542472
1.11111111111 -1.11111111111 -0.507717569304
1.11111111111 -0.833333333333 -0.534157240196
1.11111111111 -0.555555555556 -0.544398481984
1.11111111111 -0.277777777778 -0.520290820254
1.11111111111 -1.33226762955e-15 -0.433464645399
1.11111111111 0.277777777778 -0.251144160411
1.11111111111 0.555555555556 0.0395769398222
1.11111111111 0.833333333333 0.398670354055
1.11111111111 1.11111111111 0.741643474019
1.11111111111 1.38888888889 1.00193630032
1.11111111111 1.66666666667 1.16784643254
1.11111111111 1.94444444444 1.26093653698
1.11111111111 2.22222222222 1.30340109103
1.11111111111 2.5 1.30235222058
1.11111111111 2.77777777778 1.24843040096
1.11111111111 3.05555555556 1.12748362189
1.11111111111 3.33333333333 0.944768721191
1.11111111111 3.61111111111 0.737684550332
1.11111111111 3.88888888889 0.551843681059
1.11111111111 4.16666666667 0.410490482133
1.11111111111 4.44444444444 0.312863078842
1.11111111111 4.72222222222 0.248259865896
1.38888888889 -5 -0.206247387169
1.38888888889 -4.72222222222 -0.217369241933
1.38888888889 -4.44444444444 -0.229642821592
1.38888888889 -4.16666666667 -0.243239376703
1.38888888889 -3.88888888889 -0.258361667495
1.38888888889 -3.61111111111 -0.275250011272
1.38888888889 -3.33333333333 -0.294188926049
1.38888888889 -3.05555555556 -0.3155136952
1.38888888889 -2.77777777778 -0.339615199671
1.38888888889 -2.5 -0.366939325612
1.38888888889 -2.22222222222 -0.397973046329
1.38888888889 -1.94444444444 -0.433200633329
1.38888888889 -1.66666666667 -0.472995824714
1.38888888889 -1.38888888889 -0.517380466891
1.38888888889 -1.11111111111 -0.565512516427
1.38888888889 -0.833333333333 -0.614650924042
1.38888888889 -0.555555555556 -0.658208942802
1.38888888889 -0.277777777778 -0.68260577094
1.38888888889 -1.33226762955e-15 -0.663940402495
1.38888888889 0.277777777778 -0.569930486332
1.38888888889 0.555555555556 -0.377918228542
1.38888888889 0.833333333333 -0.106902923148
1.38888888889 1.11111111111 0.177618318366
1.38888888889 1.38888888889 0.410941928841
1.38888888889 1.66666666667 0.569348350611
1.38888888889 1.94444444444 0.661700139365
1.38888888889 2.22222222222 0.704310220035
1.38888888889 2.5 0.706837220883
1.38888888889 2.77777777778 0.670348362765
1.38888888889 3.05555555556 0.594422755726
1.38888888889 3.33333333333 0.489438566928
1.38888888889 3.61111111111 0.379665016354
1.38888888889 3.88888888889 0.288210113927
1.38888888889 4.16666666667 0.223449921667
1.38888888889 4.44444444444 0.181751390621
1.38888888889 4.72222222222 0.155949444139
1.66666666667 -5 -0.207731027031
1.66666666667 -4.72222222222 -0.219112463552
1.66666666667 -4.44444444444 -0.231704747786
1.66666666667 -4.16666666667 -0.245695956963
1.66666666667 -3.88888888889 -0.261311490781
1.66666666667 -3.61111111111 -0.27882250128
1.66666666667 -3.33333333333 -0.298556054623
1.66666666667 -3.05555555556 -0.320906966363
1.66666666667 -2.77777777778 -0.346350645776
1.66666666667 -2.5 -0.375454857724
1.66666666667 -2.22222222222 -0.408885103122
1.66666666667 -1.94444444444 -0.447391281525
1.66666666667 -1.66666666667 -0.491748106919
1.66666666667 -1.38888888889 -0.542589587355
1.66666666667 -1.11111111111 -0.600012348111
1.66666666667 -0.833333333333 -0.662700428064
1.66666666667 -0.555555555556 -0.726146399924
1.66666666667 -0.277777777778 -0.779497259852
1.66666666667 -1.33226762955e-15 -0.801519468186
1.66666666667 0.277777777778 -0.760225228946
1.66666666667 0.555555555556 -0.627135742426
1.66666666667 0.833333333333 -0.408697350433
1.66666666667 1.11111111111 -0.159068085961
1.66666666667 1.38888888889 0.0581566533665
1.66666666667 1.66666666667 0.212083847102
1.66666666667 1.94444444444 0.303994909317
1.66666666667 2.22222222222 0.346691859934
1.66666666667 2.5 0.351353423817
1.66666666667 2.77777777778 0.325270912058
1.66666666667 3.05555555556 0.276220022185
1.66666666667 3.33333333333 0.217636022514
1.66666666667 3.61111111111 0.165950595348
1.66666666667 3.88888888889 0.130837988078
1.66666666667 4.16666666667 0.111798848775
1.66666666667 4.44444444444 0.103486223847
1.66666666667 4.72222222222 0.100846114665
1.94444444444 -5 -0.208526986256
1.94444444444 -4.72222222222 -0.220047686016
1.94444444444 -4.44444444444 -0.23281095234
1.94444444444 -4.16666666667 -0.247013889817
1.94444444444 -3.88888888889 -0.26289404401
1.94444444444 -3.61111111111 -0.280739109514
1.94444444444 -3.33333333333 -0.300898979182
1.94444444444 -3.05555555556 -0.323800407042
1.94444444444 -2.77777777778 -0.349964151043
1.94444444444 -2.5 -0.380023362862
1.94444444444 -2.22222222222 -0.414739321845
1.94444444444 -1.94444444444 -0.455004434566
1.94444444444 -1.66666666667 -0.501808534906
1.94444444444 -1.38888888889 -0.556114050047
1.94444444444 -1.11111111111 -0.618521192445
1.94444444444 -0.833333333333 -0.68847854775
1.94444444444 -0.555555555556 -0.762594224651
1.94444444444 -0.277777777778 -0.831478657966
1.94444444444 -1.33226762955e-15 -0.875329379316
1.94444444444 0.277777777778 -0.86231661887
1.94444444444 0.555555555556 -0.760838660522
1.94444444444 0.833333333333 -0.570607301962
1.94444444444 1.11111111111 -0.339697264224
1.94444444444 1.38888888889 -0.131109422107
1.94444444444 1.66666666667 0.020414706733
1.94444444444 1.94444444444 0.112089323189
1.94444444444 2.22222222222 0.154832878737
1.94444444444 2.5 0.160639616177
1.94444444444 2.77777777778 0.140140014115
1.94444444444 3.05555555556 0.105507164339
1.94444444444 3.33333333333 0.0718164419892
1.94444444444 3.61111111111 0.051294762046
1.94444444444 3.88888888889 0.0464092811019
1.94444444444 4.16666666667 0.0518990687741
1.94444444444 4.44444444444 0.0614976772959
1.94444444444 4.72222222222 0.0712836821037
2.22222222222 -5 -0.208890107709
2.22222222222 -4.72222222222 -0.22047434021
2.22222222222 -4.44444444444 -0.233315609607
2.22222222222 -4.16666666667 -0.247615138825
2.22222222222 -3.88888888889 -0.263616014447
2.22222222222 -3.61111111111 -0.281613477883
2.22222222222 -3.33333333333 -0.30196783566
2.22222222222 -3.05555555556 -0.325120412332
2.22222222222 -2.77777777778 -0.35161265419
2.22222222222 -2.5 -0.382107542776
2.22222222222 -2.22222222222 -0.41741005214
2.22222222222 -1.94444444444 -0.458477601428
2.22222222222 -1.66666666667 -0.506398163529
2.22222222222 -1.38888888889 -0.562283992435
2.22222222222 -1.11111111111 -0.626965040146
2.22222222222 -0.833333333333 -0.700238683213
2.22222222222 -0.555555555556 -0.779221944646
2.22222222222 -0.277777777778 -0.855192888904
2.22222222222 -1.33226762955e-15 -0.90900191106
2.22222222222 0.277777777778 -0.908891333774
2.22222222222 0.555555555556 -0.821834747428
2.22222222222 0.833333333333 -0.6444716096
2.22222222222 1.11111111111 -0.422101397297
2.22222222222 1.38888888889 -0.217453760378
2.22222222222 1.66666666667 -0.0670259244036
2.22222222222 1.94444444444 0.0245408240542
2.22222222222 2.22222222222 0.0673056410569
2.22222222222 2.5 0.0736348136599
2.22222222222 2.77777777778 0.0556821690609
2.22222222222 3.05555555556 0.0276269171353
2.22222222222 3.33333333333 0.0052926597642
2.22222222222 3.61111111111 -0.00101192857765
2.22222222222 3.88888888889 0.00789238991222
2.22222222222 4.16666666667 0.0245724237118
2.22222222222 4.44444444444 0.0423422462033
2.22222222222 4.72222222222 0.0577971200199
2.5 -5 -0.209015968478
2.5 -4.72222222222 -0.220622221928
2.5 -4.44444444444 -0.233490527807
2.5 -4.16666666667 -0.247823536488
2.5 -3.88888888889 -0.263866255112
2.5 -3.61111111111 -0.281916540876
2.5 -3.33333333333 -0.30233830977
2.5 -3.05555555556 -0.325577936607
2.5 -2.77777777778 -0.352184038421
2.5 -2.5 -0.382829936021
2.5 -2.22222222222 -0.418335748387
2.5 -1.94444444444 -0.459681428536
2.5 -1.66666666667 -0.507988965116
2.5 -1.38888888889 -0.564422543273
2.5 -1.11111111111 -0.629891744553
2.5 -0.833333333333 -0.704314839191
2.5 -0.555555555556 -0.784985243928
2.5 -0.277777777778 -0.863412428935
2.5 -1.33226762955e-15 -0.920673076923
2.5 0.277777777778 -0.925034498381
2.5 0.555555555556 -0.842976473649
2.5 0.833333333333 -0.670073562919
2.5 1.11111111111 -0.450663321665
2.5 1.38888888889 -0.247381391036
2.5 1.66666666667 -0.0973335388409
2.5 1.94444444444 -0.00580417828439
2.5 2.22222222222 0.0369680081065
2.5 2.5 0.0434782608696
2.5 2.77777777778 0.0264084118745
2.5 3.05555555556 0.000633007395255
2.5 3.33333333333 -0.0177650093809
2.5 3.61111111111 -0.0191418413116
2.5 3.88888888889 -0.00545786925589
2.5 4.16666666667 0.0151007923701
2.5 4.44444444444 0.0357028222606
2.5 4.72222222222 0.0531225709184
2.77777777778 -5 -0.209040879862
2.77777777778 -4.72222222222 -0.220651491878
2.77777777778 -4.44444444444 -0.233525149037
2.77777777778 -4.16666666667 -0.247864784243
2.77777777778 -3.88888888889 -0.263915784774
2.77777777778 -3.61111111111 -0.281976525562
2.77777777778 -3.33333333333 -0.302411637011
2.77777777778 -3.05555555556 -0.325668493523
2.77777777778 -2.77777777778 -0.352297131423
2.77777777778 -2.5 -0.382972917952
2.77777777778 -2.22222222222 -0.418518969697
2.77777777778 -1.94444444444 -0.459919699762
2.77777777778 -1.66666666667 -0.50830382947
2.77777777778 -1.38888888889 -0.564845822602
2.77777777778 -1.11111111111 -0.63047102163
2.77777777778 -0.833333333333 -0.705121625047
2.77777777778 -0.555555555556 -0.786125962872
2.77777777778 -0.277777777778 -0.865039306973
2.77777777778 -1.33226762955e-15 -0.922983128744
2.77777777778 0.277777777778 -0.92822968447
2.77777777778 0.555555555556 -0.847161015599
2.77777777778 0.833333333333 -0.675140909197
2.77777777778 1.11111111111 -0.456316529424
2.77777777778 1.38888888889 -0.253304910461
2.77777777778 1.66666666667 -0.103332267738
2.77777777778 1.94444444444 -0.0118103072985
2.77777777778 2.22222222222 0.0309633377015
2.77777777778 2.5 0.0375094313187
2.77777777778 2.77777777778 0.0206143123906
2.77777777778 3.05555555556 -0.00470984618852
2.77777777778 3.33333333333 -0.0223287702962
2.77777777778 3.61111111111 -0.0227302607054
2.77777777778 3.88888888889 -0.00810026084449
2.77777777778 4.16666666667 0.0132260902634
2.77777777778 4.44444444444 0.0343886936165
2.77777777778 4.72222222222 0.0521973462414
3.05555555556 -5 -0.20904188738
3.05555555556 -4.72222222222 -0.220652675674
3.05555555556 -4.44444444444 -0.233526549261
3.05555555556 -4.16666666667 -0.247866452471
3.05555555556 -3.88888888889 -0.263917787956
3.05555555556 -3.61111111111 -0.281978951588
3.05555555556 -3.33333333333 -0.302414602665
3.05555555556 -3.05555555556 -0.325672156015
3.05555555556 -2.77777777778 -0.352301705367
3.05555555556 -2.5 -0.382978700727
3.05555555556 -2.22222222222 -0.418526379917
3.05555555556 -1.94444444444 -0.459929336426
3.05555555556 -1.66666666667 -0.508316563873
3.05555555556 -1.38888888889 -0.56486294175
3.05555555556 -1.11111111111 -0.630494449965
3.05555555556 -0.833333333333 -0.705154254769
3.05555555556 -0.555555555556 -0.786172098214
3.05555555556 -0.277777777778 -0.865105104578
3.05555555556 -1.33226762955e-15 -0.923076556693
3.05555555556 0.277777777778 -0.92835891087
3.05555555556 0.555555555556 -0.847330255599
3.05555555556 0.833333333333 -0.675345853416
3.05555555556 1.11111111111 -0.456545168278
3.05555555556 1.38888888889 -0.253544481826
3.05555555556 1.66666666667 -0.103574880882
3.05555555556 1.94444444444 -0.0120532197329
3.05555555556 2.22222222222 0.0307204842593
3.05555555556 2.5 0.0372680274273
3.05555555556 2.77777777778 0.0203799752981
3.05555555556 3.05555555556 -0.00492593305036
3.05555555556 3.33333333333 -0.0225133474625
3.05555555556 3.61111111111 -0.0228753910694
3.05555555556 3.88888888889 -0.00820712997298
3.05555555556 4.16666666667 0.013150269639
3.05555555556 4.44444444444 0.0343355448767
3.05555555556 4.72222222222 0.0521599263694
3.33333333333 -5 -0.209036770768
3.33333333333 -4.72222222222 -0.220646663845
3.33333333333 -4.44444444444 -0.233519438318
3.33333333333 -4.16666666667 -0.24785798049
3.33333333333 -3.88888888889 -0.263907614933
3.33333333333 -3.61111111111 -0.28196663118
3.33333333333 -3.33333333333 -0.302399541796
3.33333333333 -3.05555555556 -0.325653556299
3.33333333333 -2.77777777778 -0.352278476908
3.33333333333 -2.5 -0.382949333304
3.33333333333 -2.22222222222 -0.418488747625
3.33333333333 -1.94444444444 -0.459880397292
3.33333333333 -1.66666666667 -0.508251893081
3.33333333333 -1.38888888889 -0.564776003331
3.33333333333 -1.11111111111 -0.630375470772
3.33333333333 -0.833333333333 -0.704988546968
3.33333333333 -0.555555555556 -0.785937803046
3.33333333333 -0.277777777778 -0.864770955957
3.33333333333 -1.33226762955e-15 -0.922602089269
3.33333333333 0.277777777778 -0.927702643465
3.33333333333 0.555555555556 -0.846470781876
3.33333333333 0.833333333333 -0.674305058264
3.33333333333 1.11111111111 -0.455384041546
3.33333333333 1.38888888889 -0.252327835092
3.33333333333 1.66666666667 -0.102342786683
3.33333333333 1.94444444444 -0.0108196056055
3.33333333333 2.22222222222 0.0319537987993
3.33333333333 2.5 0.038493980523
3.33333333333 2.77777777778 0.0215700401406
3.33333333333 3.05555555556 -0.00382855075202
3.33333333333 3.33333333333 -0.0215759849906
3.33333333333 3.61111111111 -0.0221383564755
3.33333333333 3.88888888889 -0.00766440243813
3.33333333333 4.16666666667 0.0135353194769
3.33333333333 4.44444444444 0.0346054571042
3.33333333333 4.72222222222 0.0523499606211
3.61111111111 -5 -0.208984043976
3.61111111111 -4.72222222222 -0.220584711827
3.61111111111 -4.44444444444 -0.23344615992
3.61111111111 -4.16666666667 -0.247770676556
3.61111111111 -3.88888888889 -0.26380278173
3.61111111111 -3.61111111111 -0.281839669145
3.61111111111 -3.33333333333 -0.302244339253
3.61111111111 -3.05555555556 -0.325461885872
3.61111111111 -2.77777777778 -0.352039107183
3.61111111111 -2.5 -0.382646701445
3.61111111111 -2.22222222222 -0.418100946137
3.61111111111 -1.94444444444 -0.459376078574
3.61111111111 -1.66666666667 -0.507585459329
3.61111111111 -1.38888888889 -0.563880101246
3.61111111111 -1.11111111111 -0.629149387887
3.61111111111 -0.833333333333 -0.703280924882
3.61111111111 -0.555555555556 -0.783523386819
3.61111111111 -0.277777777778 -0.861327547961
3.61111111111 -1.33226762955e-15 -0.917712693304
3.61111111111 0.277777777778 -0.920939795194
3.61111111111 0.555555555556 -0.837613888564
3.61111111111 0.833333333333 -0.663579644136
3.61111111111 1.11111111111 -0.443418608154
3.61111111111 1.38888888889 -0.239790267014
3.61111111111 1.66666666667 -0.089646032181
3.61111111111 1.94444444444 0.0018928117924
3.61111111111 2.22222222222 0.0446631289428
3.61111111111 2.5 0.0511274508412
3.61111111111 2.77777777778 0.0338336813163
3.61111111111 3.05555555556 0.00747999501729
3.61111111111 3.33333333333 -0.0119164466217
3.61111111111 3.61111111111 -0.0145432007563
3.61111111111 3.88888888889 -0.00207158471411
3.61111111111 4.16666666667 0.0175032654902
3.61111111111 4.44444444444 0.0373869078188
3.61111111111 4.72222222222 0.054308267253
3.88888888889 -5 -0.208782955173
3.88888888889 -4.72222222222 -0.220348439968
3.88888888889 -4.44444444444 -0.233166691647
3.88888888889 -4.16666666667 -0.247437717868
3.88888888889 -3.88888888889 -0.263402970127
3.88888888889 -3.61111111111 -0.281355462865
3.88888888889 -3.33333333333 -0.301652429668
3.88888888889 -3.05555555556 -0.324730895511
3.88888888889 -2.77777777778 -0.351126201817
3.88888888889 -2.5 -0.381492527714
3.88888888889 -2.22222222222 -0.416621953499
3.88888888889 -1.94444444444 -0.457452713932
3.88888888889 -1.66666666667 -0.505043822326
3.88888888889 -1.38888888889 -0.560463320681
3.88888888889 -1.11111111111 -0.624473367771
3.88888888889 -0.833333333333 -0.696768416375
3.88888888889 -0.555555555556 -0.774315315341
3.88888888889 -0.277777777778 -0.848195120088
3.88888888889 -1.33226762955e-15 -0.899065573963
3.88888888889 0.277777777778 -0.895147726046
3.88888888889 0.555555555556 -0.803835575708
3.88888888889 0.833333333333 -0.622675189131
3.88888888889 1.11111111111 -0.397784982641
3.88888888889 1.38888888889 -0.191974641136
3.88888888889 1.66666666667 -0.04122330304
3.88888888889 1.94444444444 0.0503752758961
3.88888888889 2.22222222222 0.0931338189132
3.88888888889 2.5 0.099308827525
3.88888888889 2.77777777778 0.0806046080781
3.88888888889 3.05555555556 0.050608390441
3.88888888889 3.33333333333 0.0249229842726
3.88888888889 3.61111111111 0.0144231124942
3.88888888889 3.88888888889 0.0192582360475
3.88888888889 4.16666666667 0.0326361701248
3.88888888889 4.44444444444 0.0479947709977
3.88888888889 4.72222222222 0.06177683346
4.16666666667 -5 -0.208273486745
4.16666666667 -4.72222222222 -0.219749833527
4.16666666667 -4.44444444444 -0.232458644956
4.16666666667 -4.16666666667 -0.246594150561
4.16666666667 -3.88888888889 -0.262390027653
4.16666666667 -3.61111111111 -0.280128702305
4.16666666667 -3.33333333333 -0.300152797456
4.16666666667 -3.05555555556 -0.322878895271
4.16666666667 -2.77777777778 -0.348813310915
4.16666666667 -2.5 -0.378568371476
4.16666666667 -2.22222222222 -0.412874852493
4.16666666667 -1.94444444444 -0.452579774473
4.16666666667 -1.66666666667 -0.498604459258
4.16666666667 -1.38888888889 -0.55180673811
4.16666666667 -1.11111111111 -0.61262643951
4.16666666667 -0.833333333333 -0.680268653932
4.16666666667 -0.555555555556 -0.75098621078
4.16666666667 -0.277777777778 -0.814923464484
4.16666666667 -1.33226762955e-15 -0.851822174739
4.16666666667 0.277777777778 -0.829802243066
4.16666666667 0.555555555556 -0.718256549256
4.16666666667 0.833333333333 -0.519041729054
4.16666666667 1.11111111111 -0.282169935156
4.16666666667 1.38888888889 -0.0708313877946
4.16666666667 1.66666666667 0.0814580764488
4.16666666667 1.94444444444 0.173207996868
4.16666666667 2.22222222222 0.215936709536
4.16666666667 2.5 0.221378728625
4.16666666667 2.77777777778 0.199101064534
4.16666666667 3.05555555556 0.159876313575
4.16666666667 3.33333333333 0.11825750469
4.16666666667 3.61111111111 0.0878106999211
4.16666666667 3.88888888889 0.0732983920178
4.16666666667 4.16666666667 0.0709761325594
4.16666666667 4.44444444444 0.074870317075
4.16666666667 4.72222222222 0.0806988153749
4.44444444444 -5 -0.207236355294
4.44444444444 -4.72222222222 -0.218531242672
4.44444444444 -4.44444444444 -0.23101726517
4.44444444444 -4.16666666667 -0.244876889711
4.44444444444 -3.88888888889 -0.260327967591
4.44444444444 -3.61111111111 -0.277631370006
4.44444444444 -3.33333333333 -0.297099976814
4.44444444444 -3.05555555556 -0.31910875449
4.44444444444 -2.77777777778 -0.344104929068
4.44444444444 -2.5 -0.372615628898
4.44444444444 -2.22222222222 -0.405246830635
4.44444444444 -1.94444444444 -0.44265986875
4.44444444444 -1.66666666667 -0.485495764787
4.44444444444 -1.38888888889 -0.534184421293
4.44444444444 -1.11111111111 -0.588509494815
4.44444444444 -0.833333333333 -0.646679874666
4.44444444444 -0.555555555556 -0.703494851658
4.44444444444 -0.277777777778 -0.747191925937
4.44444444444 -1.33226762955e-15 -0.755648177459
4.44444444444 0.277777777778 -0.696777600352
4.44444444444 0.555555555556 -0.544042221066
4.44444444444 0.833333333333 -0.308073757415
4.44444444444 1.11111111111 -0.0468108914584
4.44444444444 1.38888888889 0.175781495884
4.44444444444 1.66666666667 0.331202143368
4.44444444444 1.94444444444 0.423260151596
4.44444444444 2.22222222222 0.465928138238
4.44444444444 2.5 0.4698780011
4.44444444444 2.77777777778 0.440325829645
4.44444444444 3.05555555556 0.382314434348
4.44444444444 3.33333333333 0.308259792
4.44444444444 3.61111111111 0.237206758408
4.44444444444 3.88888888889 0.18330863469
4.44444444444 4.16666666667 0.149025288706
4.44444444444 4.44444444444 0.129581212942
4.44444444444 4.72222222222 0.119218538069
4.72222222222 -5 -0.205393011638
4.72222222222 -4.72222222222 -0.216365382482
4.72222222222 -4.44444444444 -0.22845543149
4.72222222222 -4.16666666667 -0.241824719333
4.72222222222 -3.88888888889 -0.256662968976
4.72222222222 -3.61111111111 -0.27319274109
4.72222222222 -3.33333333333 -0.291674051726
4.72222222222 -3.05555555556 -0.312407901785
4.72222222222 -2.77777777778 -0.33573649535
4.72222222222 -2.5 -0.362035532949
4.72222222222 -2.22222222222 -0.391689180173
4.72222222222 -1.94444444444 -0.425028742766
4.72222222222 -1.66666666667 -0.462197051052
4.72222222222 -1.38888888889 -0.502863429277
4.72222222222 -1.11111111111 -0.54564528802
4.72222222222 -0.833333333333 -0.586980920314
4.72222222222 -0.555555555556 -0.619086172858
4.72222222222 -0.277777777778 -0.626809401884
4.72222222222 -1.33226762955e-15 -0.58471350228
4.72222222222 0.277777777778 -0.460346499054
4.72222222222 0.555555555556 -0.234402708902
4.72222222222 0.833333333333 0.0668897745694
4.72222222222 1.11111111111 0.371504067082
4.72222222222 1.38888888889 0.61409844598
4.72222222222 1.66666666667 0.775084296175
4.72222222222 1.94444444444 0.867689883697
4.72222222222 2.22222222222 0.910249939049
4.72222222222 2.5 0.911547720816
4.72222222222 2.77777777778 0.86906621723
4.72222222222 3.05555555556 0.777664414561
4.72222222222 3.33333333333 0.645960003938
4.72222222222 3.61111111111 0.502735565078
4.72222222222 3.88888888889 0.378835134881
4.72222222222 4.16666666667 0.287745811208
4.72222222222 4.44444444444 0.226821521946
4.72222222222 4.72222222222 0.18768149555

1
4 4
10 11 12 13 14 15 16 17