256 3 1
X1 X2 Y

-5 -5 1.48983824139
-5 -4.375 2.22803897821
-5 -3.75 3.44039858216
-5 -3.125 5.53284117987
-5 -2.5 9.36795119774
-5 -1.875 16.9237465538
-5 -1.25 33.0970084509
-5 -0.625 70.4930407193
-5 0.0 156.615384615
-5 0.625 300.931134332
-5 1.25 396.687618326
-5 1.875 409.560118161
-5 2.5 407.093167702
-5 3.125 353.037856947
-5 3.75 211.346905866
-5 4.375 97.9806983845
-4.375 -5 1.01797598005
-4.375 -4.375 1.54338649938
-4.375 -3.75 2.40909579817
-4.375 -3.125 3.90734117481
-4.375 -2.5 6.65964014377
-4.375 -1.875 12.0922827925
-4.375 -1.25 23.7386672183
-4.375 -0.625 50.7010121432
-4.375 0.0 112.85923415
-4.375 0.625 217.122299959
-4.375 1.25 286.410852897
-4.375 1.875 295.796904372
-4.375 2.5 294.033797554
-4.375 3.125 254.978998758
-4.375 3.75 152.640810824
-4.375 4.375 70.7747911327
-3.75 -5 0.651987310763
-3.75 -4.375 1.0123521909
-3.75 -3.75 1.60919047737
-3.75 -3.125 2.64656100123
-3.75 -2.5 4.5590034965
-3.75 -1.875 8.34487356412
-3.75 -1.25 16.4800938273
-3.75 -0.625 35.349798888
-3.75 0.0 78.9208233173
-3.75 0.625 152.11798349
-3.75 1.25 200.877319197
-3.75 1.875 207.559190449
-3.75 2.5 206.342003106
-3.75 3.125 178.921992382
-3.75 3.75 107.1068333
-3.75 4.375 49.6731803294
-3.125 -5 0.374708469158
-3.125 -4.375 0.610032145875
-3.125 -3.75 1.00316947355
-3.125 -3.125 1.6913738728
-3.125 -2.5 2.9675277349
-3.125 -1.875 5.50577668197
-3.125 -1.25 10.9808830854
-3.125 -0.625 23.7194753675
-3.125 0.0 53.2085430439
-3.125 0.625 102.869678603
-3.125 1.25 136.075752556
-3.125 1.875 140.708893826
-3.125 2.5 139.905303766
-3.125 3.125 121.299993687
-3.125 3.75 72.6095671236
-3.125 4.375 33.6862640923
-2.5 -5 0.170494608046
-2.5 -4.375 0.313726342941
-2.5 -3.75 0.556839387963
-2.5 -3.125 0.987885462171
-2.5 -2.5 1.79541734861
-2.5 -1.875 3.41480236521
-2.5 -1.25 6.93075415314
-2.5 -0.625 15.153826224
-2.5 0.0 34.2716346154
-2.5 0.625 66.5986582975
-2.5 1.25 88.3498674744
-2.5 1.875 91.4741339323
-2.5 2.5 90.9751552795
-2.5 3.125 78.8618084636
-2.5 3.75 47.202580125
-2.5 4.375 21.912015927
-1.875 -5 0.0252197974453
-1.875 -4.375 0.102938646324
-1.875 -3.75 0.239326569311
-1.875 -3.125 0.487433900962
-1.875 -2.5 0.961594838008
-1.875 -1.875 1.92731323893
-1.875 -1.25 4.04955054465
-1.875 -0.625 9.0603463288
-1.875 0.0 20.8001896785
-1.875 0.625 40.7959748925
-1.875 1.25 54.3983576297
-1.875 1.875 56.4492321965
-1.875 2.5 56.1669497283
-1.875 3.125 48.6718924265
-1.875 3.75 29.1284141302
-1.875 4.375 13.5359847269
-1.25 -5 -0.0737229754251
-1.25 -4.375 -0.0406231941913
-1.25 -3.75 0.0230771137496
-1.25 -3.125 0.146589779752
-1.25 -2.5 0.393700714179
-1.25 -1.875 0.914224334124
-1.25 -1.25 2.08724012725
-1.25 -0.625 4.91024078219
-1.25 0.0 11.6251502404
-1.25 0.625 23.2224600277
-1.25 1.25 31.2748958728
-1.25 1.875 32.5947120432
-1.25 2.5 32.460015528
-1.25 3.125 28.1103512131
-1.25 3.75 16.8185849627
-1.25 4.375 7.83129477292
-0.625 -5 -0.137421806142
-0.625 -4.375 -0.133047543248
-0.625 -3.75 -0.116143135116
-0.625 -3.125 -0.072843851913
-0.625 -2.5 0.0280934989213
-0.625 -1.875 0.262003087671
-0.625 -1.25 0.823915121622
-0.625 -0.625 2.23842491325
-0.625 0.0 5.71830866887
-0.625 0.625 11.9087246632
-0.625 1.25 16.3881342295
-0.625 1.875 17.2372988941
-0.625 2.5 17.1976174301
-0.625 3.125 14.8729403843
-0.625 3.75 8.89358244306
-0.625 4.375 4.1586457342
0.0 -5 -0.175445873082
0.0 -4.375 -0.188218879924
0.0 -3.75 -0.19924858623
0.0 -3.125 -0.20383148552
0.0 -2.5 -0.190150275257
0.0 -1.875 -0.127330657628
0.0 -1.25 0.0697921017962
0.0 -0.625 0.643524279968
0.0 0.0 2.19230769231
0.0 0.625 5.15515907987
0.0 1.25 7.50170390004
0.0 1.875 8.06992016796
0.0 2.5 8.08695652174
0.0 3.125 6.97106542371
0.0 3.75 4.16287038903
0.0 4.375 1.96631266749
0.625 -5 -0.195845437416
0.625 -4.375 -0.217817797728
0.625 -3.75 -0.243833901084
0.625 -3.125 -0.274105153588
0.625 -2.5 -0.307236065132
0.625 -1.875 -0.336204653072
0.625 -1.25 -0.334788004884
0.625 -0.625 -0.212125330762
0.625 0.0 0.300640399639
0.625 0.625 1.53193287891
0.625 1.25 2.73421525937
0.625 1.875 3.15170528063
0.625 2.5 3.19917022516
0.625 3.125 2.7317817386
0.625 3.75 1.6248866156
0.625 4.375 0.790146017363
1.25 -5 -0.205151843115
1.25 -4.375 -0.231321004602
1.25 -3.75 -0.264173993718
1.25 -3.125 -0.306164429674
1.25 -2.5 -0.360651316768
1.25 -1.875 -0.431494244055
1.25 -1.25 -0.51935991774
1.25 -0.625 -0.602477903169
1.25 0.0 -0.562349759615
1.25 0.625 -0.121005017895
1.25 1.25 0.559257856872
1.25 1.875 0.907985644882
1.25 2.5 0.969332298137
1.25 3.125 0.797794659203
1.25 3.75 0.467042934892
1.25 4.375 0.253571616233
1.875 -5 -0.208377516947
1.875 -4.375 -0.236001322919
1.875 -3.75 -0.271224030722
1.875 -3.125 -0.317276428365
1.875 -2.5 -0.379165465519
1.875 -1.875 -0.464522370062
1.875 -1.25 -0.583334002763
1.875 -0.625 -0.737777192588
1.875 0.0 -0.861468975361
1.875 0.625 -0.693926368231
1.875 1.25 -0.194599583491
1.875 1.875 0.13029467054
1.875 2.5 0.196452833851
1.875 3.125 0.127459438985
1.875 3.75 0.0657251562185
1.875 4.375 0.0675906843141
2.5 -5 -0.209015968478
2.5 -4.375 -0.236927689486
2.5 -3.75 -0.272619431234
2.5 -3.125 -0.319475805284
2.5 -2.5 -0.382829936021
2.5 -1.875 -0.471059564678
2.5 -1.25 -0.595996272613
2.5 -0.625 -0.764556725464
2.5 0.0 -0.920673076923
2.5 0.625 -0.807323609288
2.5 1.25 -0.343809163196
2.5 1.875 -0.0236322355411
2.5 2.5 0.0434782608696
2.5 3.125 -0.00521874539677
2.5 3.75 -0.0137069139286
2.5 4.375 0.0307798296367
3.125 -5 -0.20904179007
3.125 -4.375 -0.236965155541
3.125 -3.75 -0.272675866941
3.125 -3.125 -0.319564757087
3.125 -2.5 -0.382978142204
3.125 -1.875 -0.471323955578
3.125 -1.25 -0.59650838662
3.125 -0.625 -0.765639799355
3.125 0.0 -0.923067533053
3.125 0.625 -0.811909857736
3.125 1.25 -0.349843809163
3.125 1.875 -0.0298576694905
3.125 2.5 0.0372913431677
3.125 3.125 -0.010584794091
3.125 3.75 -0.0169194718807
3.125 4.375 0.0292910480439
3.75 -5 -0.208910656885
3.75 -4.375 -0.236774886753
3.75 -3.75 -0.272389262078
3.75 -3.125 -0.319113021463
3.75 -2.5 -0.382225487279
3.75 -1.875 -0.469981264535
3.75 -1.25 -0.593907650782
3.75 -0.625 -0.760139482928
3.75 0.0 -0.910907451923
3.75 0.625 -0.788618909732
3.75 1.25 -0.31919727376
3.75 1.875 0.0017577695857
3.75 2.5 0.0687111801242
3.75 3.125 0.0166663159445
3.75 3.75 -0.00060471679097
3.75 4.375 0.0368517231917
4.375 -5 -0.207559326881
4.375 -4.375 -0.234814163227
4.375 -3.75 -0.269435793428
4.375 -3.125 -0.314457877136
4.375 -2.5 -0.374469363748
4.375 -1.875 -0.456144807415
4.375 -1.25 -0.567107017769
4.375 -0.625 -0.703458615959
4.375 0.0 -0.78559758113
4.375 0.625 -0.548605240913
4.375 1.25 -0.00338413479743
4.375 1.875 0.327555479603
4.375 2.5 0.392493206522
4.375 3.125 0.297489530944
4.375 3.75 0.167519149365
4.375 4.375 0.114764626549

1
4 4
10 11 12 13 14 15 16 17