0.45102548599243164000000000000000 199.87342643737793000000000000000000 221.28165578842163000000000000000000
0.40702152252197266000000000000000 191.35495853424072000000000000000000 206.36480307579041000000000000000000
0.44302082061767578000000000000000 188.43777799606323000000000000000000 210.64804887771606000000000000000000
0.45102286338806152000000000000000 192.68902373313904000000000000000000 204.77271199226379000000000000000000
0.45282578468322754000000000000000 252.46577358245850000000000000000000 263.53738188743591000000000000000000
0.44021463394165039000000000000000 173.63622450828552000000000000000000 185.43521785736084000000000000000000
0.38763284683227539000000000000000 185.36195611953735000000000000000000 200.22321009635925000000000000000000
0.44543218612670898000000000000000 219.81643533706665000000000000000000 230.63103890419006000000000000000000
0.48202109336853027000000000000000 213.04128170013428000000000000000000 223.58326196670532000000000000000000
0.43201613426208496000000000000000 202.39758706092834000000000000000000 212.59915995597839000000000000000000
