Soma int = 50005000
Soma Total = 50003096.0000000000
Tempo Soma Total Sequencial = 0.0001525334

Available Platforms: 
	[0]AMD Accelerated Parallel Processing

Available Devices for Platform AMD Accelerated Parallel Processing:
	[0]BeaverCreek
	[1]Caicos
	[2]AMD A6-3400M APU with Radeon(tm) HD Graphics
	[Selecionado]BeaverCreek

preferred size = 64
First Call: 
  Global size = 1024
  Local size = 256
  Work groups = 4
46190
46200
46110
46120
46130
46140
46150
46160
46170
46180
46190
46200
46210
46220
46230
46240
46250
46260
46270
46280
46290
46300
46310
46320
46330
46340
46350
46360
46370
46380
46390
46400
46410
46420
46430
46440
46450
46460
46470
46480
46490
46500
46510
46520
46530
46540
46550
46560
46570
46580
46590
46600
46610
46620
46630
46640
46650
46660
46670
46680
46690
46700
46710
46720
46730
46740
46750
46760
46770
46780
46790
46800
46810
46820
46830
46840
46850
46860
46870
46880
46890
46900
46910
46920
46930
46940
46950
46960
46970
46980
46990
47000
47010
47020
47030
47040
47050
47060
47070
47080
47090
47100
47110
47120
47130
47140
47150
47160
47170
47180
47190
47200
47210
47220
47230
47240
47250
47260
47270
47280
47290
47300
47310
47320
47330
47340
47350
47360
47370
47380
47390
47400
47410
47420
47430
47440
47450
47460
47470
47480
47490
47500
47510
47520
47530
47540
47550
47560
47570
47580
47590
47600
47610
47620
47630
47640
47650
47660
47670
47680
47690
47700
47710
47720
47730
47740
47750
47760
47770
47780
47790
47800
47810
47820
47830
47840
47850
47860
47870
47880
47890
47900
47910
47920
47930
47940
47950
47960
47970
47980
47990
48000
48010
48020
48030
48040
48050
48060
48070
48080
48090
48100
48110
48120
48130
48140
48150
48160
48170
48180
48190
48200
48210
48220
48230
48240
48250
48260
48270
48280
48290
48300
48310
48320
48330
48340
48350
48360
48370
48380
48390
48400
48410
48420
48430
48440
48450
48460
48470
48480
48490
48500
48510
48520
48530
48540
48550
48560
48570
48580
48590
48600
48610
48620
48630
48640
48650
48660
48670
48680
48690
48700
48710
48720
48730
48740
48750
48760
48770
48780
48790
48800
48810
48820
48830
48840
48850
48860
48870
48880
48890
48900
48910
48920
48930
48940
48950
48960
48970
48980
48990
49000
49010
49020
49030
49040
49050
49060
49070
49080
49090
49100
49110
49120
49130
49140
49150
49160
49170
49180
49190
49200
49210
49220
49230
49240
49250
49260
49270
49280
49290
49300
49310
49320
49330
49340
49350
49360
49370
49380
49390
49400
49410
49420
49430
49440
49450
49460
49470
49480
49490
49500
49510
49520
49530
49540
49550
49560
49570
49580
49590
49600
49610
49620
49630
49640
49650
49660
49670
49680
49690
49700
49710
49720
49730
49740
49750
49760
49770
49780
49790
49800
49810
49820
49830
49840
49850
49860
49870
49880
49890
49900
49910
49920
49930
49940
49950
49960
49970
49980
49990
50000
50010
50020
50030
50040
50050
50060
50070
50080
50090
50100
50110
50120
50130
50140
50150
50160
50170
50180
50190
50200
50210
50220
50230
50240
50250
50260
50270
50280
50290
50300
50310
50320
50330
50340
50350
50360
50370
50380
50390
50400
50410
50420
50430
50440
50450
50460
50470
50480
50490
50500
50510
50520
50530
50540
50550
50560
50570
50580
50590
50600
50610
50620
50630
50640
50650
50660
50670
50680
50690
50700
50710
50720
50730
50740
50750
50760
50770
50780
50790
50800
50810
50820
50830
50840
50850
50860
50870
50880
50890
50900
50910
50920
50930
50940
50950
50960
50970
50980
50990
51000
51010
51020
51030
51040
51050
51060
51070
51080
51090
51100
51110
51120
51130
51140
51150
51160
51170
51180
51190
51200
51210
51220
51230
51240
51250
51260
51270
51280
51290
51300
51310
51320
51330
51340
51350
51360
51370
51380
51390
51400
51410
51420
51430
51440
51450
51460
51470
51480
51490
51500
51510
51520
51530
51540
51550
51560
51570
51580
51590
51600
51610
51620
51630
51640
51650
51660
51670
51680
51690
51700
51710
51720
51730
51740
51750
51760
51770
51780
51790
51800
51810
51820
51830
51840
51850
51860
51870
51880
51890
51900
51910
51920
51930
51940
51950
51960
51970
51980
51990
52000
52010
52020
52030
52040
52050
52060
52070
52080
52090
52100
52110
52120
52130
52140
52150
52160
52170
52180
52190
52200
52210
52220
52230
52240
52250
52260
52270
52280
52290
52300
52310
52320
52330
52340
52350
52360
52370
52380
52390
52400
52410
52420
52430
52440
52450
52460
52470
52480
52490
52500
52510
52520
52530
52540
52550
52560
52570
52580
52590
52600
52610
52620
52630
52640
52650
52660
52670
52680
52690
52700
52710
52720
52730
52740
52750
52760
52770
52780
52790
52800
52810
52820
52830
52840
52850
52860
52870
52880
52890
52900
52910
52920
52930
52940
52950
52960
52970
52980
52990
53000
53010
53020
53030
53040
53050
53060
53070
53080
53090
53100
53110
53120
53130
53140
53150
53160
53170
53180
53190
53200
53210
53220
53230
53240
53250
53260
53270
53280
53290
53300
53310
53320
53330
53340
53350
53360
53370
53380
53390
53400
53410
53420
53430
53440
53450
53460
53470
53480
53490
53500
53510
53520
53530
53540
53550
53560
53570
53580
53590
53600
53610
53620
53630
53640
53650
53660
53670
53680
53690
53700
53710
53720
53730
53740
53750
53760
53770
53780
53790
53800
53810
53820
53830
53840
53850
53860
53870
53880
53890
53900
53910
53920
43929
43938
43947
43956
43965
43974
43983
43992
44001
44010
44019
44028
44037
44046
44055
44064
44073
44082
44091
44100
44109
44118
44127
44136
44145
44154
44163
44172
44181
44190
44199
44208
44217
44226
44235
44244
44253
44262
44271
44280
44289
44298
44307
44316
44325
44334
44343
44352
44361
44370
44379
44388
44397
44406
44415
44424
44433
44442
44451
44460
44469
44478
44487
44496
44505
44514
44523
44532
44541
44550
44559
44568
44577
44586
44595
44604
44613
44622
44631
44640
44649
44658
44667
44676
44685
44694
44703
44712
44721
44730
44739
44748
44757
44766
44775
44784
44793
44802
44811
44820
44829
44838
44847
44856
44865
44874
44883
44892
44901
44910
44919
44928
44937
44946
44955
44964
44973
44982
44991
45000
45009
45018
45027
45036
45045
45054
45063
45072
45081
45090
45099
45108
45117
45126
45135
45144
45153
45162
45171
45180
45189
45198
45207
45216
45225
45234
45243
45252
45261
45270
45279
45288
45297
45306
45315
45324
45333
45342
45351
45360
45369
45378
45387
45396
45405
45414
45423
45432
45441
45450
45459
45468
45477
45486
45495
45504
45513
45522
45531
45540
45549
45558
45567
45576
45585
45594
45603
45612
45621
45630
45639
45648
45657
45666
45675
45684
45693
45702
45711
45720
45729
45738
45747
45756
45765
45774
45783
45792
45801
45810
45819
45828
45837
45846
45855
45864
45873
45882
45891
45900
45909
45918
45927
45936
45945
45954
45963
45972
45981
45990
45999
46008
46017
46026
46035
46044
46053
46062
46071
46080
Second Call: 
  Global size = 4
  Local size = 4
  Work groups = 1
12125640
12780800
13436160
11662600

Soma = 50005200.0000000000

Tempo soma Final sequencial = 0.0000014667

tempo de Execucao 1 = 0.6009749400
tempo de Execucao 2 = 0.0024031600

Tempo Two-Stage Paralelo/Paralelo = 0.6033781000
Tempo Two-Stage Paralelo/Sequencial = 0.6009764067
B/W 66293.4236426546 GB/sec



Y = 12125640.0000000000 12780800.0000000000 13436160.0000000000 11662600.0000000000 
Z = 50005200.0000000000
Valor Errado!
