0
1
2
3
4
5
6
7
8
9
10
11
12
13
14
15
16
17
18
19
20
21
22
23
24
25
26
27
28
29
30
31
32
33
34
35
36
37
38
39
40
41
42
43
44
45
46
47
48
49
50
51
52
53
54
55
56
57
58
59
60
61
62
63
64
65
66
67
68
69
70
71
72
73
74
75
76
77
78
79
80
81
82
83
84
85
86
87
88
89
90
91
92
93
94
95
96
97
98
99
100
101
102
103
104
105
106
107
108
109
110
111
112
113
114
115
116
117
118
119
120
121
122
123
124
125
126
127
128
129
130
131
132
133
134
135
136
137
138
139
140
141
142
143
144
145
146
147
148
149
150
151
152
153
154
155
156
157
158
159
160
161
162
163
164
165
166
167
168
169
170
171
172
173
174
175
176
177
178
179
180
181
182
183
184
185
186
187
188
189
190
191
192
193
194
195
196
197
198
199
200
201
202
203
204
205
206
207
208
209
210
211
212
213
214
215
216
217
218
219
220
221
222
223
224
225
226
227
228
229
230
231
232
233
234
235
236
237
238
239
240
241
242
243
244
245
246
247
248
249
250
251
252
253
254
255
256
257
258
259
260
261
262
263
264
265
266
267
268
269
270
271
272
273
274
275
276
277
278
279
280
281
282
283
284
285
286
287
288
289
290
291
292
293
294
295
296
297
298
299
300
301
302
303
304
305
306
307
308
309
310
311
312
313
314
315
316
317
318
319
320
321
322
323
324
325
326
327
328
329
330
331
332
333
334
335
336
337
338
339
340
341
342
343
344
345
346
347
348
349
350
351
352
353
354
355
356
357
358
359
360
361
362
363
364
365
366
367
368
369
370
371
372
373
374
375
376
377
378
379
380
381
382
383
384
385
386
387
388
389
390
391
392
393
394
395
396
397
398
399
400
401
402
403
404
405
406
407
408
409
410
411
412
413
414
415
416
417
418
419
420
421
422
423
424
425
426
427
428
429
430
431
432
433
434
435
436
437
438
439
440
441
442
443
444
445
446
447
448
449
450
451
452
453
454
455
456
457
458
459
460
461
462
463
464
465
466
467
468
469
470
471
472
473
474
475
476
477
478
479
480
481
482
483
484
485
486
487
488
489
490
491
492
493
494
495
496
497
498
499
500
501
502
503
504
505
506
507
508
509
510
511
512
513
514
515
516
517
518
519
520
521
522
523
524
525
526
527
528
529
530
531
532
533
534
535
536
537
538
539
540
541
542
543
544
545
546
547
548
549
550
551
552
553
554
555
556
557
558
559
560
561
562
563
564
565
566
567
568
569
570
571
572
573
574
575
576
577
578
579
580
581
582
583
584
585
586
587
588
589
590
591
592
593
594
595
596
597
598
599
600
601
602
603
604
605
606
607
608
609
610
611
612
613
614
615
616
617
618
619
620
621
622
623
624
625
626
627
628
629
630
631
632
633
634
635
636
637
638
639
640
641
642
643
644
645
646
647
648
649
650
651
652
653
654
655
656
657
658
659
660
661
662
663
664
665
666
667
668
669
670
671
672
673
674
675
676
677
678
679
680
681
682
683
684
685
686
687
688
689
690
691
692
693
694
695
696
697
698
699
700
701
702
703
704
705
706
707
708
709
710
711
712
713
714
715
716
717
718
719
720
721
722
723
724
725
726
727
728
729
730
731
732
733
734
735
736
737
738
739
740
741
742
743
744
745
746
747
748
749
750
751
752
753
754
755
756
757
758
759
760
761
762
763
764
765
766
767
768
769
770
771
772
773
774
775
776
777
778
779
780
781
782
783
784
785
786
787
788
789
790
791
792
793
794
795
796
797
798
799
800
801
802
803
804
805
806
807
808
809
810
811
812
813
814
815
816
817
818
819
820
821
822
823
824
825
826
827
828
829
830
831
832
833
834
835
836
837
838
839
840
841
842
843
844
845
846
847
848
849
850
851
852
853
854
855
856
857
858
859
860
861
862
863
864
865
866
867
868
869
870
871
872
873
874
875
876
877
878
879
880
881
882
883
884
885
886
887
888
889
890
891
892
893
894
895
896
897
898
899
900
901
902
903
904
905
906
907
908
909
910
911
912
913
914
915
916
917
918
919
920
921
922
923
924
925
926
927
928
929
930
931
932
933
934
935
936
937
938
939
940
941
942
943
944
945
946
947
948
949
950
951
952
953
954
955
956
957
958
959
960
961
962
963
964
965
966
967
968
969
970
971
972
973
974
975
976
977
978
979
980
981
982
983
984
985
986
987
988
989
990
991
992
993
994
995
996
997
998
999
1000
1001
1002
1003
1004
1005
1006
1007
1008
1009
1010
1011
1012
1013
1014
1015
1016
1017
1018
1019
1020
1021
1022
1023
1024
1025
1026
1027
1028
1029
1030
1031
1032
1033
1034
1035
1036
1037
1038
1039
1040
1041
1042
1043
1044
1045
1046
1047
1048
1049
1050
1051
1052
1053
1054
1055
1056
1057
1058
1059
1060
1061
1062
1063
1064
1065
1066
1067
1068
1069
1070
1071
1072
1073
1074
1075
1076
1077
1078
1079
1080
1081
1082
1083
1084
1085
1086
1087
1088
1089
1090
1091
1092
1093
1094
1095
1096
1097
1098
1099
1100
1101
1102
1103
1104
1105
1106
1107
1108
1109
1110
1111
1112
1113
1114
1115
1116
1117
1118
1119
1120
1121
1122
1123
1124
1125
1126
1127
1128
1129
1130
1131
1132
1133
1134
1135
1136
1137
1138
1139
1140
1141
1142
1143
1144
1145
1146
1147
1148
1149
1150
1151
1152
1153
1154
1155
1156
1157
1158
1159
1160
1161
1162
1163
1164
1165
1166
1167
1168
1169
1170
1171
1172
1173
1174
1175
1176
1177
1178
1179
1180
1181
1182
1183
1184
1185
1186
1187
1188
1189
1190
1191
1192
1193
1194
1195
1196
1197
1198
1199
1200
1201
1202
1203
1204
1205
1206
1207
1208
1209
1210
1211
1212
1213
1214
1215
1216
1217
1218
1219
1220
1221
1222
1223
1224
1225
1226
1227
1228
1229
1230
1231
1232
1233
1234
1235
1236
1237
1238
1239
1240
1241
1242
1243
1244
1245
1246
1247
1248
1249
1250
1251
1252
1253
1254
1255
1256
1257
1258
1259
1260
1261
1262
1263
1264
1265
1266
1267
1268
1269
1270
1271
1272
1273
1274
1275
1276
1277
1278
1279
1280
1281
1282
1283
1284
1285
1286
1287
1288
1289
1290
1291
1292
1293
1294
1295
1296
1297
1298
1299
1300
1301
1302
1303
1304
1305
1306
1307
1308
1309
1310
1311
1312
1313
1314
1315
1316
1317
1318
1319
1320
1321
1322
1323
1324
1325
1326
1327
1328
1329
1330
1331
1332
1333
1334
1335
1336
1337
1338
1339
1340
1341
1342
1343
1344
1345
1346
1347
1348
1349
1350
1351
1352
1353
1354
1355
1356
1357
1358
1359
1360
1361
1362
1363
1364
1365
1366
1367
1368
1369
1370
1371
1372
1373
1374
1375
1376
1377
1378
1379
1380
1381
1382
1383
1384
1385
1386
1387
1388
1389
1390
1391
1392
1393
1394
1395
1396
1397
1398
1399
1400
1401
1402
1403
1404
1405
1406
1407
1408
1409
1410
1411
1412
1413
1414
1415
1416
1417
1418
1419
1420
1421
1422
1423
1424
1425
1426
1427
1428
1429
1430
1431
1432
1433
1434
1435
1436
1437
1438
1439
1440
1441
1442
1443
1444
1445
1446
1447
1448
1449
1450
1451
1452
1453
1454
1455
1456
1457
1458
1459
1460
1461
1462
1463
1464
1465
1466
1467
1468
1469
1470
1471
1472
1473
1474
1475
1476
1477
1478
1479
1480
1481
1482
1483
1484
1485
1486
1487
1488
1489
1490
1491
1492
1493
1494
1495
1496
1497
1498
1499
1500
1501
1502
1503
1504
1505
1506
1507
1508
1509
1510
1511
1512
1513
1514
1515
1516
1517
1518
1519
1520
1521
1522
1523
1524
1525
1526
1527
1528
1529
1530
1531
1532
1533
1534
1535
1536
1537
1538
1539
1540
1541
1542
1543
1544
1545
1546
1547
1548
1549
1550
1551
1552
1553
1554
1555
1556
1557
1558
1559
1560
1561
1562
1563
1564
1565
1566
1567
1568
1569
1570
1571
1572
1573
1574
1575
1576
1577
1578
1579
1580
1581
1582
1583
1584
1585
1586
1587
1588
1589
1590
1591
1592
1593
1594
1595
1596
1597
1598
1599
1600
1601
1602
1603
1604
1605
1606
1607
1608
1609
1610
1611
1612
1613
1614
1615
1616
1617
1618
1619
1620
1621
1622
1623
1624
1625
1626
1627
1628
1629
1630
1631
1632
1633
1634
1635
1636
1637
1638
1639
1640
1641
1642
1643
1644
1645
1646
1647
1648
1649
1650
1651
1652
1653
1654
1655
1656
1657
1658
1659
1660
1661
1662
1663
1664
1665
1666
1667
1668
1669
1670
1671
1672
1673
1674
1675
1676
1677
1678
1679
1680
1681
1682
1683
1684
1685
1686
1687
1688
1689
1690
1691
1692
1693
1694
1695
1696
1697
1698
1699
1700
1701
1702
1703
1704
1705
1706
1707
1708
1709
1710
1711
1712
1713
1714
1715
1716
1717
1718
1719
1720
1721
1722
1723
1724
1725
1726
1727
1728
1729
1730
1731
1732
1733
1734
1735
1736
1737
1738
1739
1740
1741
1742
1743
1744
1745
1746
1747
1748
1749
1750
1751
1752
1753
1754
1755
1756
1757
1758
1759
1760
1761
1762
1763
1764
1765
1766
1767
1768
1769
1770
1771
1772
1773
1774
1775
1776
1777
1778
1779
1780
1781
1782
1783
1784
1785
1786
1787
1788
1789
1790
1791
1792
1793
1794
1795
1796
1797
1798
1799
1800
1801
1802
1803
1804
1805
1806
1807
1808
1809
1810
1811
1812
1813
1814
1815
1816
1817
1818
1819
1820
1821
1822
1823
1824
1825
1826
1827
1828
1829
1830
1831
1832
1833
1834
1835
1836
1837
1838
1839
1840
1841
1842
1843
1844
1845
1846
1847
1848
1849
1850
1851
1852
1853
1854
1855
1856
1857
1858
1859
1860
1861
1862
1863
1864
1865
1866
1867
1868
1869
1870
1871
1872
1873
1874
1875
1876
1877
1878
1879
1880
1881
1882
1883
1884
1885
1886
1887
1888
1889
1890
1891
1892
1893
1894
1895
1896
1897
1898
1899
1900
1901
1902
1903
1904
1905
1906
1907
1908
1909
1910
1911
1912
1913
1914
1915
1916
1917
1918
1919
1920
1921
1922
1923
1924
1925
1926
1927
1928
1929
1930
1931
1932
1933
1934
1935
1936
1937
1938
1939
1940
1941
1942
1943
1944
1945
1946
1947
1948
1949
1950
1951
1952
1953
1954
1955
1956
1957
1958
1959
1960
1961
1962
1963
1964
1965
1966
1967
1968
1969
1970
1971
1972
1973
1974
1975
1976
1977
1978
1979
1980
1981
1982
1983
1984
1985
1986
1987
1988
1989
1990
1991
1992
1993
1994
1995
1996
1997
1998
1999
2000
2001
2002
2003
2004
2005
2006
2007
2008
2009
2010
2011
2012
2013
2014
2015
2016
2017
2018
2019
2020
2021
2022
2023
2024
2025
2026
2027
2028
2029
2030
2031
2032
2033
2034
2035
2036
2037
2038
2039
2040
2041
2042
2043
2044
2045
2046
2047
2048
2049
2050
2051
2052
2053
2054
2055
2056
2057
2058
2059
2060
2061
2062
2063
2064
2065
2066
2067
2068
2069
2070
2071
2072
2073
2074
2075
2076
2077
2078
2079
2080
2081
2082
2083
2084
2085
2086
2087
2088
2089
2090
2091
2092
2093
2094
2095
2096
2097
2098
2099
2100
2101
2102
2103
2104
2105
2106
2107
2108
2109
2110
2111
2112
2113
2114
2115
2116
2117
2118
2119
2120
2121
2122
2123
2124
2125
2126
2127
2128
2129
2130
2131
2132
2133
2134
2135
2136
2137
2138
2139
2140
2141
2142
2143
2144
2145
2146
2147
2148
2149
2150
2151
2152
2153
2154
2155
2156
2157
2158
2159
2160
2161
2162
2163
2164
2165
2166
2167
2168
2169
2170
2171
2172
2173
2174
2175
2176
2177
2178
2179
2180
2181
2182
2183
2184
2185
2186
2187
2188
2189
2190
2191
2192
2193
2194
2195
2196
2197
2198
2199
2200
2201
2202
2203
2204
2205
2206
2207
2208
2209
2210
2211
2212
2213
2214
2215
2216
2217
2218
2219
2220
2221
2222
2223
2224
2225
2226
2227
2228
2229
2230
2231
2232
2233
2234
2235
2236
2237
2238
2239
2240
2241
2242
2243
2244
2245
2246
2247
2248
2249
2250
2251
2252
2253
2254
2255
2256
2257
2258
2259
2260
2261
2262
2263
2264
2265
2266
2267
2268
2269
2270
2271
2272
2273
2274
2275
2276
2277
2278
2279
2280
2281
2282
2283
2284
2285
2286
2287
2288
2289
2290
2291
2292
2293
2294
2295
2296
2297
2298
2299
2300
2301
2302
2303
2304
2305
2306
2307
2308
2309
2310
2311
2312
2313
2314
2315
2316
2317
2318
2319
2320
2321
2322
2323
2324
2325
2326
2327
2328
2329
2330
2331
2332
2333
2334
2335
2336
2337
2338
2339
2340
2341
2342
2343
2344
2345
2346
2347
2348
2349
2350
2351
2352
2353
2354
2355
2356
2357
2358
2359
2360
2361
2362
2363
2364
2365
2366
2367
2368
2369
2370
2371
2372
2373
2374
2375
2376
2377
2378
2379
2380
2381
2382
2383
2384
2385
2386
2387
2388
2389
2390
2391
2392
2393
2394
2395
2396
2397
2398
2399
2400
2401
2402
2403
2404
2405
2406
2407
2408
2409
2410
2411
2412
2413
2414
2415
2416
2417
2418
2419
2420
2421
2422
2423
2424
2425
2426
2427
2428
2429
2430
2431
2432
2433
2434
2435
2436
2437
2438
2439
2440
2441
2442
2443
2444
2445
2446
2447
2448
2449
2450
2451
2452
2453
2454
2455
2456
2457
2458
2459
2460
2461
2462
2463
2464
2465
2466
2467
2468
2469
2470
2471
2472
2473
2474
2475
2476
2477
2478
2479
2480
2481
2482
2483
2484
2485
2486
2487
2488
2489
2490
2491
2492
2493
2494
2495
2496
2497
2498
2499
2500
2501
2502
2503
2504
2505
2506
2507
2508
2509
2510
2511
2512
2513
2514
2515
2516
2517
2518
2519
2520
2521
2522
2523
2524
2525
2526
2527
2528
2529
2530
2531
2532
2533
2534
2535
2536
2537
2538
2539
2540
2541
2542
2543
2544
2545
2546
2547
2548
2549
2550
2551
2552
2553
2554
2555
2556
2557
2558
2559
2560
2561
2562
2563
2564
2565
2566
2567
2568
2569
2570
2571
2572
2573
2574
2575
2576
2577
2578
2579
2580
2581
2582
2583
2584
2585
2586
2587
2588
2589
2590
2591
2592
2593
2594
2595
2596
2597
2598
2599
2600
2601
2602
2603
2604
2605
2606
2607
2608
2609
2610
2611
2612
2613
2614
2615
2616
2617
2618
2619
2620
2621
2622
2623
2624
2625
2626
2627
2628
2629
2630
2631
2632
2633
2634
2635
2636
2637
2638
2639
2640
2641
2642
2643
2644
2645
2646
2647
2648
2649
2650
2651
2652
2653
2654
2655
2656
2657
2658
2659
2660
2661
2662
2663
2664
2665
2666
2667
2668
2669
2670
2671
2672
2673
2674
2675
2676
2677
2678
2679
2680
2681
2682
2683
2684
2685
2686
2687
2688
2689
2690
2691
2692
2693
2694
2695
2696
2697
2698
2699
2700
2701
2702
2703
2704
2705
2706
2707
2708
2709
2710
2711
2712
2713
2714
2715
2716
2717
2718
2719
2720
2721
2722
2723
2724
2725
2726
2727
2728
2729
2730
2731
2732
2733
2734
2735
2736
2737
2738
2739
2740
2741
2742
2743
2744
2745
2746
2747
2748
2749
2750
2751
2752
2753
2754
2755
2756
2757
2758
2759
2760
2761
2762
2763
2764
2765
2766
2767
2768
2769
2770
2771
2772
2773
2774
2775
2776
2777
2778
2779
2780
2781
2782
2783
2784
2785
2786
2787
2788
2789
2790
2791
2792
2793
2794
2795
2796
2797
2798
2799
2800
2801
2802
2803
2804
2805
2806
2807
2808
2809
2810
2811
2812
2813
2814
2815
2816
2817
2818
2819
2820
2821
2822
2823
2824
2825
2826
2827
2828
2829
2830
2831
2832
2833
2834
2835
2836
2837
2838
2839
2840
2841
2842
2843
2844
2845
2846
2847
2848
2849
2850
2851
2852
2853
2854
2855
2856
2857
2858
2859
2860
2861
2862
2863
2864
2865
2866
2867
2868
2869
2870
2871
2872
2873
2874
2875
2876
2877
2878
2879
2880
2881
2882
2883
2884
2885
2886
2887
2888
2889
2890
2891
2892
2893
2894
2895
2896
2897
2898
2899
2900
2901
2902
2903
2904
2905
2906
2907
2908
2909
2910
2911
2912
2913
2914
2915
2916
2917
2918
2919
2920
2921
2922
2923
2924
2925
2926
2927
2928
2929
2930
2931
2932
2933
2934
2935
2936
2937
2938
2939
2940
2941
2942
2943
2944
2945
2946
2947
2948
2949
2950
2951
2952
2953
2954
2955
2956
2957
2958
2959
2960
2961
2962
2963
2964
2965
2966
2967
2968
2969
2970
2971
2972
2973
2974
2975
2976
2977
2978
2979
2980
2981
2982
2983
2984
2985
2986
2987
2988
2989
2990
2991
2992
2993
2994
2995
2996
2997
2998
2999
3000
3001
3002
3003
3004
3005
3006
3007
3008
3009
3010
3011
3012
3013
3014
3015
3016
3017
3018
3019
3020
3021
3022
3023
3024
3025
3026
3027
3028
3029
3030
3031
3032
3033
3034
3035
3036
3037
3038
3039
3040
3041
3042
3043
3044
3045
3046
3047
3048
3049
3050
3051
3052
3053
3054
3055
3056
3057
3058
3059
3060
3061
3062
3063
3064
3065
3066
3067
3068
3069
3070
3071
3072
3073
3074
3075
3076
3077
3078
3079
3080
3081
3082
3083
3084
3085
3086
3087
3088
3089
3090
3091
3092
3093
3094
3095
3096
3097
3098
3099
3100
3101
3102
3103
3104
3105
3106
3107
3108
3109
3110
3111
3112
3113
3114
3115
3116
3117
3118
3119
3120
3121
3122
3123
3124
3125
3126
3127
3128
3129
3130
3131
3132
3133
3134
3135
3136
3137
3138
3139
3140
3141
3142
3143
3144
3145
3146
3147
3148
3149
3150
3151
3152
3153
3154
3155
3156
3157
3158
3159
3160
3161
3162
3163
3164
3165
3166
3167
3168
3169
3170
3171
3172
3173
3174
3175
3176
3177
3178
3179
3180
3181
3182
3183
3184
3185
3186
3187
3188
3189
3190
3191
3192
3193
3194
3195
3196
3197
3198
3199
3200
3201
3202
3203
3204
3205
3206
3207
3208
3209
3210
3211
3212
3213
3214
3215
3216
3217
3218
3219
3220
3221
3222
3223
3224
3225
3226
3227
3228
3229
3230
3231
3232
3233
3234
3235
3236
3237
3238
3239
3240
3241
3242
3243
3244
3245
3246
3247
3248
3249
3250
3251
3252
3253
3254
3255
3256
3257
3258
3259
3260
3261
3262
3263
3264
3265
3266
3267
3268
3269
3270
3271
3272
3273
3274
3275
3276
3277
3278
3279
3280
3281
3282
3283
3284
3285
3286
3287
3288
3289
3290
3291
3292
3293
3294
3295
3296
3297
3298
3299
3300
3301
3302
3303
3304
3305
3306
3307
3308
3309
3310
3311
3312
3313
3314
3315
3316
3317
3318
3319
3320
3321
3322
3323
3324
3325
3326
3327
3328
3329
3330
3331
3332
3333
3334
3335
3336
3337
3338
3339
3340
3341
3342
3343
3344
3345
3346
3347
3348
3349
3350
3351
3352
3353
3354
3355
3356
3357
3358
3359
3360
3361
3362
3363
3364
3365
3366
3367
3368
3369
3370
3371
3372
3373
3374
3375
3376
3377
3378
3379
3380
3381
3382
3383
3384
3385
3386
3387
3388
3389
3390
3391
3392
3393
3394
3395
3396
3397
3398
3399
3400
3401
3402
3403
3404
3405
3406
3407
3408
3409
3410
3411
3412
3413
3414
3415
3416
3417
3418
3419
3420
3421
3422
3423
3424
3425
3426
3427
3428
3429
3430
3431
3432
3433
3434
3435
3436
3437
3438
3439
3440
3441
3442
3443
3444
3445
3446
3447
3448
3449
3450
3451
3452
3453
3454
3455
3456
3457
3458
3459
3460
3461
3462
3463
3464
3465
3466
3467
3468
3469
3470
3471
3472
3473
3474
3475
3476
3477
3478
3479
3480
3481
3482
3483
3484
3485
3486
3487
3488
3489
3490
3491
3492
3493
3494
3495
3496
3497
3498
3499
3500
3501
3502
3503
3504
3505
3506
3507
3508
3509
3510
3511
3512
3513
3514
3515
3516
3517
3518
3519
3520
3521
3522
3523
3524
3525
3526
3527
3528
3529
3530
3531
3532
3533
3534
3535
3536
3537
3538
3539
3540
3541
3542
3543
3544
3545
3546
3547
3548
3549
3550
3551
3552
3553
3554
3555
3556
3557
3558
3559
3560
3561
3562
3563
3564
3565
3566
3567
3568
3569
3570
3571
3572
3573
3574
3575
3576
3577
3578
3579
3580
3581
3582
3583
3584
3585
3586
3587
3588
3589
3590
3591
3592
3593
3594
3595
3596
3597
3598
3599
3600
3601
3602
3603
3604
3605
3606
3607
3608
3609
3610
3611
3612
3613
3614
3615
3616
3617
3618
3619
3620
3621
3622
3623
3624
3625
3626
3627
3628
3629
3630
3631
3632
3633
3634
3635
3636
3637
3638
3639
3640
3641
3642
3643
3644
3645
3646
3647
3648
3649
3650
3651
3652
3653
3654
3655
3656
3657
3658
3659
3660
3661
3662
3663
3664
3665
3666
3667
3668
3669
3670
3671
3672
3673
3674
3675
3676
3677
3678
3679
3680
3681
3682
3683
3684
3685
3686
3687
3688
3689
3690
3691
3692
3693
3694
3695
3696
3697
3698
3699
3700
3701
3702
3703
3704
3705
3706
3707
3708
3709
3710
3711
3712
3713
3714
3715
3716
3717
3718
3719
3720
3721
3722
3723
3724
3725
3726
3727
3728
3729
3730
3731
3732
3733
3734
3735
3736
3737
3738
3739
3740
3741
3742
3743
3744
3745
3746
3747
3748
3749
3750
3751
3752
3753
3754
3755
3756
3757
3758
3759
3760
3761
3762
3763
3764
3765
3766
3767
3768
3769
3770
3771
3772
3773
3774
3775
3776
3777
3778
3779
3780
3781
3782
3783
3784
3785
3786
3787
3788
3789
3790
3791
3792
3793
3794
3795
3796
3797
3798
3799
3800
3801
3802
3803
3804
3805
3806
3807
3808
3809
3810
3811
3812
3813
3814
3815
3816
3817
3818
3819
3820
3821
3822
3823
3824
3825
3826
3827
3828
3829
3830
3831
3832
3833
3834
3835
3836
3837
3838
3839
3840
3841
3842
3843
3844
3845
3846
3847
3848
3849
3850
3851
3852
3853
3854
3855
3856
3857
3858
3859
3860
3861
3862
3863
3864
3865
3866
3867
3868
3869
3870
3871
3872
3873
3874
3875
3876
3877
3878
3879
3880
3881
3882
3883
3884
3885
3886
3887
3888
3889
3890
3891
3892
3893
3894
3895
3896
3897
3898
3899
3900
3901
3902
3903
3904
3905
3906
3907
3908
3909
3910
3911
3912
3913
3914
3915
3916
3917
3918
3919
3920
3921
3922
3923
3924
3925
3926
3927
3928
3929
3930
3931
3932
3933
3934
3935
3936
3937
3938
3939
3940
3941
3942
3943
3944
3945
3946
3947
3948
3949
3950
3951
3952
3953
3954
3955
3956
3957
3958
3959
3960
3961
3962
3963
3964
3965
3966
3967
3968
3969
3970
3971
3972
3973
3974
3975
3976
3977
3978
3979
3980
3981
3982
3983
3984
3985
3986
3987
3988
3989
3990
3991
3992
3993
3994
3995
3996
3997
3998
3999
4000
4001
4002
4003
4004
4005
4006
4007
4008
4009
4010
4011
4012
4013
4014
4015
4016
4017
4018
4019
4020
4021
4022
4023
4024
4025
4026
4027
4028
4029
4030
4031
4032
4033
4034
4035
4036
4037
4038
4039
4040
4041
4042
4043
4044
4045
4046
4047
4048
4049
4050
4051
4052
4053
4054
4055
4056
4057
4058
4059
4060
4061
4062
4063
4064
4065
4066
4067
4068
4069
4070
4071
4072
4073
4074
4075
4076
4077
4078
4079
4080
4081
4082
4083
4084
4085
4086
4087
4088
4089
4090
4091
4092
4093
4094
4095
4096
4097
4098
4099
4100
4101
4102
4103
4104
4105
4106
4107
4108
4109
4110
4111
4112
4113
4114
4115
4116
4117
4118
4119
4120
4121
4122
4123
4124
4125
4126
4127
4128
4129
4130
4131
4132
4133
4134
4135
4136
4137
4138
4139
4140
4141
4142
4143
4144
4145
4146
4147
4148
4149
4150
4151
4152
4153
4154
4155
4156
4157
4158
4159
4160
4161
4162
4163
4164
4165
4166
4167
4168
4169
4170
4171
4172
4173
4174
4175
4176
4177
4178
4179
4180
4181
4182
4183
4184
4185
4186
4187
4188
4189
4190
4191
4192
4193
4194
4195
4196
4197
4198
4199
4200
4201
4202
4203
4204
4205
4206
4207
4208
4209
4210
4211
4212
4213
4214
4215
4216
4217
4218
4219
4220
4221
4222
4223
4224
4225
4226
4227
4228
4229
4230
4231
4232
4233
4234
4235
4236
4237
4238
4239
4240
4241
4242
4243
4244
4245
4246
4247
4248
4249
4250
4251
4252
4253
4254
4255
4256
4257
4258
4259
4260
4261
4262
4263
4264
4265
4266
4267
4268
4269
4270
4271
4272
4273
4274
4275
4276
4277
4278
4279
4280
4281
4282
4283
4284
4285
4286
4287
4288
4289
4290
4291
4292
4293
4294
4295
4296
4297
4298
4299
4300
4301
4302
4303
4304
4305
4306
4307
4308
4309
4310
4311
4312
4313
4314
4315
4316
4317
4318
4319
4320
4321
4322
4323
4324
4325
4326
4327
4328
4329
4330
4331
4332
4333
4334
4335
4336
4337
4338
4339
4340
4341
4342
4343
4344
4345
4346
4347
4348
4349
4350
4351
4352
4353
4354
4355
4356
4357
4358
4359
4360
4361
4362
4363
4364
4365
4366
4367
4368
4369
4370
4371
4372
4373
4374
4375
4376
4377
4378
4379
4380
4381
4382
4383
4384
4385
4386
4387
4388
4389
4390
4391
4392
4393
4394
4395
4396
4397
4398
4399
4400
4401
4402
4403
4404
4405
4406
4407
4408
4409
4410
4411
4412
4413
4414
4415
4416
4417
4418
4419
4420
4421
4422
4423
4424
4425
4426
4427
4428
4429
4430
4431
4432
4433
4434
4435
4436
4437
4438
4439
4440
4441
4442
4443
4444
4445
4446
4447
4448
4449
4450
4451
4452
4453
4454
4455
4456
4457
4458
4459
4460
4461
4462
4463
4464
4465
4466
4467
4468
4469
4470
4471
4472
4473
4474
4475
4476
4477
4478
4479
4480
4481
4482
4483
4484
4485
4486
4487
4488
4489
4490
4491
4492
4493
4494
4495
4496
4497
4498
4499
4500
4501
4502
4503
4504
4505
4506
4507
4508
4509
4510
4511
4512
4513
4514
4515
4516
4517
4518
4519
4520
4521
4522
4523
4524
4525
4526
4527
4528
4529
4530
4531
4532
4533
4534
4535
4536
4537
4538
4539
4540
4541
4542
4543
4544
4545
4546
4547
4548
4549
4550
4551
4552
4553
4554
4555
4556
4557
4558
4559
4560
4561
4562
4563
4564
4565
4566
4567
4568
4569
4570
4571
4572
4573
4574
4575
4576
4577
4578
4579
4580
4581
4582
4583
4584
4585
4586
4587
4588
4589
4590
4591
4592
4593
4594
4595
4596
4597
4598
4599
4600
4601
4602
4603
4604
4605
4606
4607
4608
4609
4610
4611
4612
4613
4614
4615
4616
4617
4618
4619
4620
4621
4622
4623
4624
4625
4626
4627
4628
4629
4630
4631
4632
4633
4634
4635
4636
4637
4638
4639
4640
4641
4642
4643
4644
4645
4646
4647
4648
4649
4650
4651
4652
4653
4654
4655
4656
4657
4658
4659
4660
4661
4662
4663
4664
4665
4666
4667
4668
4669
4670
4671
4672
4673
4674
4675
4676
4677
4678
4679
4680
4681
4682
4683
4684
4685
4686
4687
4688
4689
4690
4691
4692
4693
4694
4695
4696
4697
4698
4699
4700
4701
4702
4703
4704
4705
4706
4707
4708
4709
4710
4711
4712
4713
4714
4715
4716
4717
4718
4719
4720
4721
4722
4723
4724
4725
4726
4727
4728
4729
4730
4731
4732
4733
4734
4735
4736
4737
4738
4739
4740
4741
4742
4743
4744
4745
4746
4747
4748
4749
4750
4751
4752
4753
4754
4755
4756
4757
4758
4759
4760
4761
4762
4763
4764
4765
4766
4767
4768
4769
4770
4771
4772
4773
4774
4775
4776
4777
4778
4779
4780
4781
4782
4783
4784
4785
4786
4787
4788
4789
4790
4791
4792
4793
4794
4795
4796
4797
4798
4799
4800
4801
4802
4803
4804
4805
4806
4807
4808
4809
4810
4811
4812
4813
4814
4815
4816
4817
4818
4819
4820
4821
4822
4823
4824
4825
4826
4827
4828
4829
4830
4831
4832
4833
4834
4835
4836
4837
4838
4839
4840
4841
4842
4843
4844
4845
4846
4847
4848
4849
4850
4851
4852
4853
4854
4855
4856
4857
4858
4859
4860
4861
4862
4863
4864
4865
4866
4867
4868
4869
4870
4871
4872
4873
4874
4875
4876
4877
4878
4879
4880
4881
4882
4883
4884
4885
4886
4887
4888
4889
4890
4891
4892
4893
4894
4895
4896
4897
4898
4899
4900
4901
4902
4903
4904
4905
4906
4907
4908
4909
4910
4911
4912
4913
4914
4915
4916
4917
4918
4919
4920
4921
4922
4923
4924
4925
4926
4927
4928
4929
4930
4931
4932
4933
4934
4935
4936
4937
4938
4939
4940
4941
4942
4943
4944
4945
4946
4947
4948
4949
4950
4951
4952
4953
4954
4955
4956
4957
4958
4959
4960
4961
4962
4963
4964
4965
4966
4967
4968
4969
4970
4971
4972
4973
4974
4975
4976
4977
4978
4979
4980
4981
4982
4983
4984
4985
4986
4987
4988
4989
4990
4991
4992
4993
4994
4995
4996
4997
4998
4999
5000
5001
5002
5003
5004
5005
5006
5007
5008
5009
5010
5011
5012
5013
5014
5015
5016
5017
5018
5019
5020
5021
5022
5023
5024
5025
5026
5027
5028
5029
5030
5031
5032
5033
5034
5035
5036
5037
5038
5039
5040
5041
5042
5043
5044
5045
5046
5047
5048
5049
5050
5051
5052
5053
5054
5055
5056
5057
5058
5059
5060
5061
5062
5063
5064
5065
5066
5067
5068
5069
5070
5071
5072
5073
5074
5075
5076
5077
5078
5079
5080
5081
5082
5083
5084
5085
5086
5087
5088
5089
5090
5091
5092
5093
5094
5095
5096
5097
5098
5099
5100
5101
5102
5103
5104
5105
5106
5107
5108
5109
5110
5111
5112
5113
5114
5115
5116
5117
5118
5119
5120
5121
5122
5123
5124
5125
5126
5127
5128
5129
5130
5131
5132
5133
5134
5135
5136
5137
5138
5139
5140
5141
5142
5143
5144
5145
5146
5147
5148
5149
5150
5151
5152
5153
5154
5155
5156
5157
5158
5159
5160
5161
5162
5163
5164
5165
5166
5167
5168
5169
5170
5171
5172
5173
5174
5175
5176
5177
5178
5179
5180
5181
5182
5183
5184
5185
5186
5187
5188
5189
5190
5191
5192
5193
5194
5195
5196
5197
5198
5199
5200
5201
5202
5203
5204
5205
5206
5207
5208
5209
5210
5211
5212
5213
5214
5215
5216
5217
5218
5219
5220
5221
5222
5223
5224
5225
5226
5227
5228
5229
5230
5231
5232
5233
5234
5235
5236
5237
5238
5239
5240
5241
5242
5243
5244
5245
5246
5247
5248
5249
5250
5251
5252
5253
5254
5255
5256
5257
5258
5259
5260
5261
5262
5263
5264
5265
5266
5267
5268
5269
5270
5271
5272
5273
5274
5275
5276
5277
5278
5279
5280
5281
5282
5283
5284
5285
5286
5287
5288
5289
5290
5291
5292
5293
5294
5295
5296
5297
5298
5299
5300
5301
5302
5303
5304
5305
5306
5307
5308
5309
5310
5311
5312
5313
5314
5315
5316
5317
5318
5319
5320
5321
5322
5323
5324
5325
5326
5327
5328
5329
5330
5331
5332
5333
5334
5335
5336
5337
5338
5339
5340
5341
5342
5343
5344
5345
5346
5347
5348
5349
5350
5351
5352
5353
5354
5355
5356
5357
5358
5359
5360
5361
5362
5363
5364
5365
5366
5367
5368
5369
5370
5371
5372
5373
5374
5375
5376
5377
5378
5379
5380
5381
5382
5383
5384
5385
5386
5387
5388
5389
5390
5391
5392
5393
5394
5395
5396
5397
5398
5399
5400
5401
5402
5403
5404
5405
5406
5407
5408
5409
5410
5411
5412
5413
5414
5415
5416
5417
5418
5419
5420
5421
5422
5423
5424
5425
5426
5427
5428
5429
5430
5431
5432
5433
5434
5435
5436
5437
5438
5439
5440
5441
5442
5443
5444
5445
5446
5447
5448
5449
5450
5451
5452
5453
5454
5455
5456
5457
5458
5459
5460
5461
5462
5463
5464
5465
5466
5467
5468
5469
5470
5471
5472
5473
5474
5475
5476
5477
5478
5479
5480
5481
5482
5483
5484
5485
5486
5487
5488
5489
5490
5491
5492
5493
5494
5495
5496
5497
5498
5499
5500
5501
5502
5503
5504
5505
5506
5507
5508
5509
5510
5511
5512
5513
5514
5515
5516
5517
5518
5519
5520
5521
5522
5523
5524
5525
5526
5527
5528
5529
5530
5531
5532
5533
5534
5535
5536
5537
5538
5539
5540
5541
5542
5543
5544
5545
5546
5547
5548
5549
5550
5551
5552
5553
5554
5555
5556
5557
5558
5559
5560
5561
5562
5563
5564
5565
5566
5567
5568
5569
5570
5571
5572
5573
5574
5575
5576
5577
5578
5579
5580
5581
5582
5583
5584
5585
5586
5587
5588
5589
5590
5591
5592
5593
5594
5595
5596
5597
5598
5599
5600
5601
5602
5603
5604
5605
5606
5607
5608
5609
5610
5611
5612
5613
5614
5615
5616
5617
5618
5619
5620
5621
5622
5623
5624
5625
5626
5627
5628
5629
5630
5631
5632
5633
5634
5635
5636
5637
5638
5639
5640
5641
5642
5643
5644
5645
5646
5647
5648
5649
5650
5651
5652
5653
5654
5655
5656
5657
5658
5659
5660
5661
5662
5663
5664
5665
5666
5667
5668
5669
5670
5671
5672
5673
5674
5675
5676
5677
5678
5679
5680
5681
5682
5683
5684
5685
5686
5687
5688
5689
5690
5691
5692
5693
5694
5695
5696
5697
5698
5699
5700
5701
5702
5703
5704
5705
5706
5707
5708
5709
5710
5711
5712
5713
5714
5715
5716
5717
5718
5719
5720
5721
5722
5723
5724
5725
5726
5727
5728
5729
5730
5731
5732
5733
5734
5735
5736
5737
5738
5739
5740
5741
5742
5743
5744
5745
5746
5747
5748
5749
5750
5751
5752
5753
5754
5755
5756
5757
5758
5759
5760
5761
5762
5763
5764
5765
5766
5767
5768
5769
5770
5771
5772
5773
5774
5775
5776
5777
5778
5779
5780
5781
5782
5783
5784
5785
5786
5787
5788
5789
5790
5791
5792
5793
5794

Soma Total = 16788114.0000000000

Tempo soma sequencial = 0.0000655111

Available Platforms: 
	[0]AMD Accelerated Parallel Processing

Available Devices for Platform AMD Accelerated Parallel Processing:
	[0]BeaverCreek
	[1]Caicos
	[2]AMD A6-3400M APU with Radeon(tm) HD Graphics
	[Selecionado]BeaverCreek

preferred size = 64
First Call: 
  Global size = 1024
  Local size = 256
  Work groups = 4
0
1024
2048
3072
4096
5120
1
1025
2049
3073
4097
5121
2
1026
2050
3074
4098
5122
3
1027
2051
3075
4099
5123
4
1028
2052
3076
4100
5124
5
1029
2053
3077
4101
5125
6
1030
2054
3078
4102
5126
7
1031
2055
3079
4103
5127
8
1032
2056
3080
4104
5128
9
1033
2057
3081
4105
5129
10
1034
2058
3082
4106
5130
11
1035
2059
3083
4107
5131
12
1036
2060
3084
4108
5132
13
1037
2061
3085
4109
5133
14
1038
2062
3086
4110
5134
15
1039
2063
3087
4111
5135
16
1040
2064
3088
4112
5136
17
1041
2065
3089
4113
5137
18
1042
2066
3090
4114
5138
19
1043
2067
3091
4115
5139
20
1044
2068
3092
4116
5140
21
1045
2069
3093
4117
5141
22
1046
2070
3094
4118
5142
23
1047
2071
3095
4119
5143
24
1048
2072
3096
4120
5144
25
1049
2073
3097
4121
5145
26
1050
2074
3098
4122
5146
27
1051
2075
3099
4123
5147
28
1052
2076
3100
4124
5148
29
1053
2077
3101
4125
5149
30
1054
2078
3102
4126
5150
31
1055
2079
3103
4127
5151
32
1056
2080
3104
4128
5152
33
1057
2081
3105
4129
5153
34
1058
2082
3106
4130
5154
35
1059
2083
3107
4131
5155
36
1060
2084
3108
4132
5156
37
1061
2085
3109
4133
5157
38
1062
2086
3110
4134
5158
39
1063
2087
3111
4135
5159
40
1064
2088
3112
4136
5160
41
1065
2089
3113
4137
5161
42
1066
2090
3114
4138
5162
43
1067
2091
3115
4139
5163
44
1068
2092
3116
4140
5164
45
1069
2093
3117
4141
5165
46
1070
2094
3118
4142
5166
47
1071
2095
3119
4143
5167
48
1072
2096
3120
4144
5168
49
1073
2097
3121
4145
5169
50
1074
2098
3122
4146
5170
51
1075
2099
3123
4147
5171
52
1076
2100
3124
4148
5172
53
1077
2101
3125
4149
5173
54
1078
2102
3126
4150
5174
55
1079
2103
3127
4151
5175
56
1080
2104
3128
4152
5176
57
1081
2105
3129
4153
5177
58
1082
2106
3130
4154
5178
59
1083
2107
3131
4155
5179
60
1084
2108
3132
4156
5180
61
1085
2109
3133
4157
5181
62
1086
2110
3134
4158
5182
63
1087
2111
3135
4159
5183
64
1088
2112
3136
4160
5184
65
1089
2113
3137
4161
5185
66
1090
2114
3138
4162
5186
67
1091
2115
3139
4163
5187
68
1092
2116
3140
4164
5188
69
1093
2117
3141
4165
5189
70
1094
2118
3142
4166
5190
71
1095
2119
3143
4167
5191
72
1096
2120
3144
4168
5192
73
1097
2121
3145
4169
5193
74
1098
2122
3146
4170
5194
75
1099
2123
3147
4171
5195
76
1100
2124
3148
4172
5196
77
1101
2125
3149
4173
5197
78
1102
2126
3150
4174
5198
79
1103
2127
3151
4175
5199
80
1104
2128
3152
4176
5200
81
1105
2129
3153
4177
5201
82
1106
2130
3154
4178
5202
83
1107
2131
3155
4179
5203
84
1108
2132
3156
4180
5204
85
1109
2133
3157
4181
5205
86
1110
2134
3158
4182
5206
87
1111
2135
3159
4183
5207
88
1112
2136
3160
4184
5208
89
1113
2137
3161
4185
5209
90
1114
2138
3162
4186
5210
91
1115
2139
3163
4187
5211
92
1116
2140
3164
4188
5212
93
1117
2141
3165
4189
5213
94
1118
2142
3166
4190
5214
95
1119
2143
3167
4191
5215
96
1120
2144
3168
4192
5216
97
1121
2145
3169
4193
5217
98
1122
2146
3170
4194
5218
99
1123
2147
3171
4195
5219
100
1124
2148
3172
4196
5220
101
1125
2149
3173
4197
5221
102
1126
2150
3174
4198
5222
103
1127
2151
3175
4199
5223
104
1128
2152
3176
4200
5224
105
1129
2153
3177
4201
5225
106
1130
2154
3178
4202
5226
107
1131
2155
3179
4203
5227
108
1132
2156
3180
4204
5228
109
1133
2157
3181
4205
5229
110
1134
2158
3182
4206
5230
111
1135
2159
3183
4207
5231
112
1136
2160
3184
4208
5232
113
1137
2161
3185
4209
5233
114
1138
2162
3186
4210
5234
115
1139
2163
3187
4211
5235
116
1140
2164
3188
4212
5236
117
1141
2165
3189
4213
5237
118
1142
2166
3190
4214
5238
119
1143
2167
3191
4215
5239
120
1144
2168
3192
4216
5240
121
1145
2169
3193
4217
5241
122
1146
2170
3194
4218
5242
123
1147
2171
3195
4219
5243
124
1148
2172
3196
4220
5244
125
1149
2173
3197
4221
5245
126
1150
2174
3198
4222
5246
127
1151
2175
3199
4223
5247
128
1152
2176
3200
4224
5248
129
1153
2177
3201
4225
5249
130
1154
2178
3202
4226
5250
131
1155
2179
3203
4227
5251
132
1156
2180
3204
4228
5252
133
1157
2181
3205
4229
5253
134
1158
2182
3206
4230
5254
135
1159
2183
3207
4231
5255
136
1160
2184
3208
4232
5256
137
1161
2185
3209
4233
5257
138
1162
2186
3210
4234
5258
139
1163
2187
3211
4235
5259
140
1164
2188
3212
4236
5260
141
1165
2189
3213
4237
5261
142
1166
2190
3214
4238
5262
143
1167
2191
3215
4239
5263
144
1168
2192
3216
4240
5264
145
1169
2193
3217
4241
5265
146
1170
2194
3218
4242
5266
147
1171
2195
3219
4243
5267
148
1172
2196
3220
4244
5268
149
1173
2197
3221
4245
5269
150
1174
2198
3222
4246
5270
151
1175
2199
3223
4247
5271
152
1176
2200
3224
4248
5272
153
1177
2201
3225
4249
5273
154
1178
2202
3226
4250
5274
155
1179
2203
3227
4251
5275
156
1180
2204
3228
4252
5276
157
1181
2205
3229
4253
5277
158
1182
2206
3230
4254
5278
159
1183
2207
3231
4255
5279
160
1184
2208
3232
4256
5280
161
1185
2209
3233
4257
5281
162
1186
2210
3234
4258
5282
163
1187
2211
3235
4259
5283
164
1188
2212
3236
4260
5284
165
1189
2213
3237
4261
5285
166
1190
2214
3238
4262
5286
167
1191
2215
3239
4263
5287
168
1192
2216
3240
4264
5288
169
1193
2217
3241
4265
5289
170
1194
2218
3242
4266
5290
171
1195
2219
3243
4267
5291
172
1196
2220
3244
4268
5292
173
1197
2221
3245
4269
5293
174
1198
2222
3246
4270
5294
175
1199
2223
3247
4271
5295
176
1200
2224
3248
4272
5296
177
1201
2225
3249
4273
5297
178
1202
2226
3250
4274
5298
179
1203
2227
3251
4275
5299
180
1204
2228
3252
4276
5300
181
1205
2229
3253
4277
5301
182
1206
2230
3254
4278
5302
183
1207
2231
3255
4279
5303
184
1208
2232
3256
4280
5304
185
1209
2233
3257
4281
5305
186
1210
2234
3258
4282
5306
187
1211
2235
3259
4283
5307
188
1212
2236
3260
4284
5308
189
1213
2237
3261
4285
5309
190
1214
2238
3262
4286
5310
191
1215
2239
3263
4287
5311
192
1216
2240
3264
4288
5312
193
1217
2241
3265
4289
5313
194
1218
2242
3266
4290
5314
195
1219
2243
3267
4291
5315
196
1220
2244
3268
4292
5316
197
1221
2245
3269
4293
5317
198
1222
2246
3270
4294
5318
199
1223
2247
3271
4295
5319
200
1224
2248
3272
4296
5320
201
1225
2249
3273
4297
5321
202
1226
2250
3274
4298
5322
203
1227
2251
3275
4299
5323
204
1228
2252
3276
4300
5324
205
1229
2253
3277
4301
5325
206
1230
2254
3278
4302
5326
207
1231
2255
3279
4303
5327
208
1232
2256
3280
4304
5328
209
1233
2257
3281
4305
5329
210
1234
2258
3282
4306
5330
211
1235
2259
3283
4307
5331
212
1236
2260
3284
4308
5332
213
1237
2261
3285
4309
5333
214
1238
2262
3286
4310
5334
215
1239
2263
3287
4311
5335
216
1240
2264
3288
4312
5336
217
1241
2265
3289
4313
5337
218
1242
2266
3290
4314
5338
219
1243
2267
3291
4315
5339
220
1244
2268
3292
4316
5340
221
1245
2269
3293
4317
5341
222
1246
2270
3294
4318
5342
223
1247
2271
3295
4319
5343
224
1248
2272
3296
4320
5344
225
1249
2273
3297
4321
5345
226
1250
2274
3298
4322
5346
227
1251
2275
3299
4323
5347
228
1252
2276
3300
4324
5348
229
1253
2277
3301
4325
5349
230
1254
2278
3302
4326
5350
231
1255
2279
3303
4327
5351
232
1256
2280
3304
4328
5352
233
1257
2281
3305
4329
5353
234
1258
2282
3306
4330
5354
235
1259
2283
3307
4331
5355
236
1260
2284
3308
4332
5356
237
1261
2285
3309
4333
5357
238
1262
2286
3310
4334
5358
239
1263
2287
3311
4335
5359
240
1264
2288
3312
4336
5360
241
1265
2289
3313
4337
5361
242
1266
2290
3314
4338
5362
243
1267
2291
3315
4339
5363
244
1268
2292
3316
4340
5364
245
1269
2293
3317
4341
5365
246
1270
2294
3318
4342
5366
247
1271
2295
3319
4343
5367
248
1272
2296
3320
4344
5368
249
1273
2297
3321
4345
5369
250
1274
2298
3322
4346
5370
251
1275
2299
3323
4347
5371
252
1276
2300
3324
4348
5372
253
1277
2301
3325
4349
5373
254
1278
2302
3326
4350
5374
255
1279
2303
3327
4351
5375
256
1280
2304
3328
4352
5376
257
1281
2305
3329
4353
5377
258
1282
2306
3330
4354
5378
259
1283
2307
3331
4355
5379
260
1284
2308
3332
4356
5380
261
1285
2309
3333
4357
5381
262
1286
2310
3334
4358
5382
263
1287
2311
3335
4359
5383
264
1288
2312
3336
4360
5384
265
1289
2313
3337
4361
5385
266
1290
2314
3338
4362
5386
267
1291
2315
3339
4363
5387
268
1292
2316
3340
4364
5388
269
1293
2317
3341
4365
5389
270
1294
2318
3342
4366
5390
271
1295
2319
3343
4367
5391
272
1296
2320
3344
4368
5392
273
1297
2321
3345
4369
5393
274
1298
2322
3346
4370
5394
275
1299
2323
3347
4371
5395
276
1300
2324
3348
4372
5396
277
1301
2325
3349
4373
5397
278
1302
2326
3350
4374
5398
279
1303
2327
3351
4375
5399
280
1304
2328
3352
4376
5400
281
1305
2329
3353
4377
5401
282
1306
2330
3354
4378
5402
283
1307
2331
3355
4379
5403
284
1308
2332
3356
4380
5404
285
1309
2333
3357
4381
5405
286
1310
2334
3358
4382
5406
287
1311
2335
3359
4383
5407
288
1312
2336
3360
4384
5408
289
1313
2337
3361
4385
5409
290
1314
2338
3362
4386
5410
291
1315
2339
3363
4387
5411
292
1316
2340
3364
4388
5412
293
1317
2341
3365
4389
5413
294
1318
2342
3366
4390
5414
295
1319
2343
3367
4391
5415
296
1320
2344
3368
4392
5416
297
1321
2345
3369
4393
5417
298
1322
2346
3370
4394
5418
299
1323
2347
3371
4395
5419
300
1324
2348
3372
4396
5420
301
1325
2349
3373
4397
5421
302
1326
2350
3374
4398
5422
303
1327
2351
3375
4399
5423
304
1328
2352
3376
4400
5424
305
1329
2353
3377
4401
5425
306
1330
2354
3378
4402
5426
307
1331
2355
3379
4403
5427
308
1332
2356
3380
4404
5428
309
1333
2357
3381
4405
5429
310
1334
2358
3382
4406
5430
311
1335
2359
3383
4407
5431
312
1336
2360
3384
4408
5432
313
1337
2361
3385
4409
5433
314
1338
2362
3386
4410
5434
315
1339
2363
3387
4411
5435
316
1340
2364
3388
4412
5436
317
1341
2365
3389
4413
5437
318
1342
2366
3390
4414
5438
319
1343
2367
3391
4415
5439
320
1344
2368
3392
4416
5440
321
1345
2369
3393
4417
5441
322
1346
2370
3394
4418
5442
323
1347
2371
3395
4419
5443
324
1348
2372
3396
4420
5444
325
1349
2373
3397
4421
5445
326
1350
2374
3398
4422
5446
327
1351
2375
3399
4423
5447
328
1352
2376
3400
4424
5448
329
1353
2377
3401
4425
5449
330
1354
2378
3402
4426
5450
331
1355
2379
3403
4427
5451
332
1356
2380
3404
4428
5452
333
1357
2381
3405
4429
5453
334
1358
2382
3406
4430
5454
335
1359
2383
3407
4431
5455
336
1360
2384
3408
4432
5456
337
1361
2385
3409
4433
5457
338
1362
2386
3410
4434
5458
339
1363
2387
3411
4435
5459
340
1364
2388
3412
4436
5460
341
1365
2389
3413
4437
5461
342
1366
2390
3414
4438
5462
343
1367
2391
3415
4439
5463
344
1368
2392
3416
4440
5464
345
1369
2393
3417
4441
5465
346
1370
2394
3418
4442
5466
347
1371
2395
3419
4443
5467
348
1372
2396
3420
4444
5468
349
1373
2397
3421
4445
5469
350
1374
2398
3422
4446
5470
351
1375
2399
3423
4447
5471
352
1376
2400
3424
4448
5472
353
1377
2401
3425
4449
5473
354
1378
2402
3426
4450
5474
355
1379
2403
3427
4451
5475
356
1380
2404
3428
4452
5476
357
1381
2405
3429
4453
5477
358
1382
2406
3430
4454
5478
359
1383
2407
3431
4455
5479
360
1384
2408
3432
4456
5480
361
1385
2409
3433
4457
5481
362
1386
2410
3434
4458
5482
363
1387
2411
3435
4459
5483
364
1388
2412
3436
4460
5484
365
1389
2413
3437
4461
5485
366
1390
2414
3438
4462
5486
367
1391
2415
3439
4463
5487
368
1392
2416
3440
4464
5488
369
1393
2417
3441
4465
5489
370
1394
2418
3442
4466
5490
371
1395
2419
3443
4467
5491
372
1396
2420
3444
4468
5492
373
1397
2421
3445
4469
5493
374
1398
2422
3446
4470
5494
375
1399
2423
3447
4471
5495
376
1400
2424
3448
4472
5496
377
1401
2425
3449
4473
5497
378
1402
2426
3450
4474
5498
379
1403
2427
3451
4475
5499
380
1404
2428
3452
4476
5500
381
1405
2429
3453
4477
5501
382
1406
2430
3454
4478
5502
383
1407
2431
3455
4479
5503
384
1408
2432
3456
4480
5504
385
1409
2433
3457
4481
5505
386
1410
2434
3458
4482
5506
387
1411
2435
3459
4483
5507
388
1412
2436
3460
4484
5508
389
1413
2437
3461
4485
5509
390
1414
2438
3462
4486
5510
391
1415
2439
3463
4487
5511
392
1416
2440
3464
4488
5512
393
1417
2441
3465
4489
5513
394
1418
2442
3466
4490
5514
395
1419
2443
3467
4491
5515
396
1420
2444
3468
4492
5516
397
1421
2445
3469
4493
5517
398
1422
2446
3470
4494
5518
399
1423
2447
3471
4495
5519
400
1424
2448
3472
4496
5520
401
1425
2449
3473
4497
5521
402
1426
2450
3474
4498
5522
403
1427
2451
3475
4499
5523
404
1428
2452
3476
4500
5524
405
1429
2453
3477
4501
5525
406
1430
2454
3478
4502
5526
407
1431
2455
3479
4503
5527
408
1432
2456
3480
4504
5528
409
1433
2457
3481
4505
5529
410
1434
2458
3482
4506
5530
411
1435
2459
3483
4507
5531
412
1436
2460
3484
4508
5532
413
1437
2461
3485
4509
5533
414
1438
2462
3486
4510
5534
415
1439
2463
3487
4511
5535
416
1440
2464
3488
4512
5536
417
1441
2465
3489
4513
5537
418
1442
2466
3490
4514
5538
419
1443
2467
3491
4515
5539
420
1444
2468
3492
4516
5540
421
1445
2469
3493
4517
5541
422
1446
2470
3494
4518
5542
423
1447
2471
3495
4519
5543
424
1448
2472
3496
4520
5544
425
1449
2473
3497
4521
5545
426
1450
2474
3498
4522
5546
427
1451
2475
3499
4523
5547
428
1452
2476
3500
4524
5548
429
1453
2477
3501
4525
5549
430
1454
2478
3502
4526
5550
431
1455
2479
3503
4527
5551
432
1456
2480
3504
4528
5552
433
1457
2481
3505
4529
5553
434
1458
2482
3506
4530
5554
435
1459
2483
3507
4531
5555
436
1460
2484
3508
4532
5556
437
1461
2485
3509
4533
5557
438
1462
2486
3510
4534
5558
439
1463
2487
3511
4535
5559
440
1464
2488
3512
4536
5560
441
1465
2489
3513
4537
5561
442
1466
2490
3514
4538
5562
443
1467
2491
3515
4539
5563
444
1468
2492
3516
4540
5564
445
1469
2493
3517
4541
5565
446
1470
2494
3518
4542
5566
447
1471
2495
3519
4543
5567
448
1472
2496
3520
4544
5568
449
1473
2497
3521
4545
5569
450
1474
2498
3522
4546
5570
451
1475
2499
3523
4547
5571
452
1476
2500
3524
4548
5572
453
1477
2501
3525
4549
5573
454
1478
2502
3526
4550
5574
455
1479
2503
3527
4551
5575
456
1480
2504
3528
4552
5576
457
1481
2505
3529
4553
5577
458
1482
2506
3530
4554
5578
459
1483
2507
3531
4555
5579
460
1484
2508
3532
4556
5580
461
1485
2509
3533
4557
5581
462
1486
2510
3534
4558
5582
463
1487
2511
3535
4559
5583
464
1488
2512
3536
4560
5584
465
1489
2513
3537
4561
5585
466
1490
2514
3538
4562
5586
467
1491
2515
3539
4563
5587
468
1492
2516
3540
4564
5588
469
1493
2517
3541
4565
5589
470
1494
2518
3542
4566
5590
471
1495
2519
3543
4567
5591
472
1496
2520
3544
4568
5592
473
1497
2521
3545
4569
5593
474
1498
2522
3546
4570
5594
475
1499
2523
3547
4571
5595
476
1500
2524
3548
4572
5596
477
1501
2525
3549
4573
5597
478
1502
2526
3550
4574
5598
479
1503
2527
3551
4575
5599
480
1504
2528
3552
4576
5600
481
1505
2529
3553
4577
5601
482
1506
2530
3554
4578
5602
483
1507
2531
3555
4579
5603
484
1508
2532
3556
4580
5604
485
1509
2533
3557
4581
5605
486
1510
2534
3558
4582
5606
487
1511
2535
3559
4583
5607
488
1512
2536
3560
4584
5608
489
1513
2537
3561
4585
5609
490
1514
2538
3562
4586
5610
491
1515
2539
3563
4587
5611
492
1516
2540
3564
4588
5612
493
1517
2541
3565
4589
5613
494
1518
2542
3566
4590
5614
495
1519
2543
3567
4591
5615
496
1520
2544
3568
4592
5616
497
1521
2545
3569
4593
5617
498
1522
2546
3570
4594
5618
499
1523
2547
3571
4595
5619
500
1524
2548
3572
4596
5620
501
1525
2549
3573
4597
5621
502
1526
2550
3574
4598
5622
503
1527
2551
3575
4599
5623
504
1528
2552
3576
4600
5624
505
1529
2553
3577
4601
5625
506
1530
2554
3578
4602
5626
507
1531
2555
3579
4603
5627
508
1532
2556
3580
4604
5628
509
1533
2557
3581
4605
5629
510
1534
2558
3582
4606
5630
511
1535
2559
3583
4607
5631
512
1536
2560
3584
4608
5632
513
1537
2561
3585
4609
5633
514
1538
2562
3586
4610
5634
515
1539
2563
3587
4611
5635
516
1540
2564
3588
4612
5636
517
1541
2565
3589
4613
5637
518
1542
2566
3590
4614
5638
519
1543
2567
3591
4615
5639
520
1544
2568
3592
4616
5640
521
1545
2569
3593
4617
5641
522
1546
2570
3594
4618
5642
523
1547
2571
3595
4619
5643
524
1548
2572
3596
4620
5644
525
1549
2573
3597
4621
5645
526
1550
2574
3598
4622
5646
527
1551
2575
3599
4623
5647
528
1552
2576
3600
4624
5648
529
1553
2577
3601
4625
5649
530
1554
2578
3602
4626
5650
531
1555
2579
3603
4627
5651
532
1556
2580
3604
4628
5652
533
1557
2581
3605
4629
5653
534
1558
2582
3606
4630
5654
535
1559
2583
3607
4631
5655
536
1560
2584
3608
4632
5656
537
1561
2585
3609
4633
5657
538
1562
2586
3610
4634
5658
539
1563
2587
3611
4635
5659
540
1564
2588
3612
4636
5660
541
1565
2589
3613
4637
5661
542
1566
2590
3614
4638
5662
543
1567
2591
3615
4639
5663
544
1568
2592
3616
4640
5664
545
1569
2593
3617
4641
5665
546
1570
2594
3618
4642
5666
547
1571
2595
3619
4643
5667
548
1572
2596
3620
4644
5668
549
1573
2597
3621
4645
5669
550
1574
2598
3622
4646
5670
551
1575
2599
3623
4647
5671
552
1576
2600
3624
4648
5672
553
1577
2601
3625
4649
5673
554
1578
2602
3626
4650
5674
555
1579
2603
3627
4651
5675
556
1580
2604
3628
4652
5676
557
1581
2605
3629
4653
5677
558
1582
2606
3630
4654
5678
559
1583
2607
3631
4655
5679
560
1584
2608
3632
4656
5680
561
1585
2609
3633
4657
5681
562
1586
2610
3634
4658
5682
563
1587
2611
3635
4659
5683
564
1588
2612
3636
4660
5684
565
1589
2613
3637
4661
5685
566
1590
2614
3638
4662
5686
567
1591
2615
3639
4663
5687
568
1592
2616
3640
4664
5688
569
1593
2617
3641
4665
5689
570
1594
2618
3642
4666
5690
571
1595
2619
3643
4667
5691
572
1596
2620
3644
4668
5692
573
1597
2621
3645
4669
5693
574
1598
2622
3646
4670
5694
575
1599
2623
3647
4671
5695
576
1600
2624
3648
4672
5696
577
1601
2625
3649
4673
5697
578
1602
2626
3650
4674
5698
579
1603
2627
3651
4675
5699
580
1604
2628
3652
4676
5700
581
1605
2629
3653
4677
5701
582
1606
2630
3654
4678
5702
583
1607
2631
3655
4679
5703
584
1608
2632
3656
4680
5704
585
1609
2633
3657
4681
5705
586
1610
2634
3658
4682
5706
587
1611
2635
3659
4683
5707
588
1612
2636
3660
4684
5708
589
1613
2637
3661
4685
5709
590
1614
2638
3662
4686
5710
591
1615
2639
3663
4687
5711
592
1616
2640
3664
4688
5712
593
1617
2641
3665
4689
5713
594
1618
2642
3666
4690
5714
595
1619
2643
3667
4691
5715
596
1620
2644
3668
4692
5716
597
1621
2645
3669
4693
5717
598
1622
2646
3670
4694
5718
599
1623
2647
3671
4695
5719
600
1624
2648
3672
4696
5720
601
1625
2649
3673
4697
5721
602
1626
2650
3674
4698
5722
603
1627
2651
3675
4699
5723
604
1628
2652
3676
4700
5724
605
1629
2653
3677
4701
5725
606
1630
2654
3678
4702
5726
607
1631
2655
3679
4703
5727
608
1632
2656
3680
4704
5728
609
1633
2657
3681
4705
5729
610
1634
2658
3682
4706
5730
611
1635
2659
3683
4707
5731
612
1636
2660
3684
4708
5732
613
1637
2661
3685
4709
5733
614
1638
2662
3686
4710
5734
615
1639
2663
3687
4711
5735
616
1640
2664
3688
4712
5736
617
1641
2665
3689
4713
5737
618
1642
2666
3690
4714
5738
619
1643
2667
3691
4715
5739
620
1644
2668
3692
4716
5740
621
1645
2669
3693
4717
5741
622
1646
2670
3694
4718
5742
623
1647
2671
3695
4719
5743
624
1648
2672
3696
4720
5744
625
1649
2673
3697
4721
5745
626
1650
2674
3698
4722
5746
627
1651
2675
3699
4723
5747
628
1652
2676
3700
4724
5748
629
1653
2677
3701
4725
5749
630
1654
2678
3702
4726
5750
631
1655
2679
3703
4727
5751
632
1656
2680
3704
4728
5752
633
1657
2681
3705
4729
5753
634
1658
2682
3706
4730
5754
635
1659
2683
3707
4731
5755
636
1660
2684
3708
4732
5756
637
1661
2685
3709
4733
5757
638
1662
2686
3710
4734
5758
639
1663
2687
3711
4735
5759
640
1664
2688
3712
4736
5760
641
1665
2689
3713
4737
5761
642
1666
2690
3714
4738
5762
643
1667
2691
3715
4739
5763
644
1668
2692
3716
4740
5764
645
1669
2693
3717
4741
5765
646
1670
2694
3718
4742
5766
647
1671
2695
3719
4743
5767
648
1672
2696
3720
4744
5768
649
1673
2697
3721
4745
5769
650
1674
2698
3722
4746
5770
651
1675
2699
3723
4747
5771
652
1676
2700
3724
4748
5772
653
1677
2701
3725
4749
5773
654
1678
2702
3726
4750
5774
655
1679
2703
3727
4751
5775
656
1680
2704
3728
4752
5776
657
1681
2705
3729
4753
5777
658
1682
2706
3730
4754
5778
659
1683
2707
3731
4755
5779
660
1684
2708
3732
4756
5780
661
1685
2709
3733
4757
5781
662
1686
2710
3734
4758
5782
663
1687
2711
3735
4759
5783
664
1688
2712
3736
4760
5784
665
1689
2713
3737
4761
5785
666
1690
2714
3738
4762
5786
667
1691
2715
3739
4763
5787
668
1692
2716
3740
4764
5788
669
1693
2717
3741
4765
5789
670
1694
2718
3742
4766
5790
671
1695
2719
3743
4767
5791
672
1696
2720
3744
4768
5792
673
1697
2721
3745
4769
5793
674
1698
2722
3746
4770
5794
675
1699
2723
3747
4771
676
1700
2724
3748
4772
677
1701
2725
3749
4773
678
1702
2726
3750
4774
679
1703
2727
3751
4775
680
1704
2728
3752
4776
681
1705
2729
3753
4777
682
1706
2730
3754
4778
683
1707
2731
3755
4779
684
1708
2732
3756
4780
685
1709
2733
3757
4781
686
1710
2734
3758
4782
687
1711
2735
3759
4783
688
1712
2736
3760
4784
689
1713
2737
3761
4785
690
1714
2738
3762
4786
691
1715
2739
3763
4787
692
1716
2740
3764
4788
693
1717
2741
3765
4789
694
1718
2742
3766
4790
695
1719
2743
3767
4791
696
1720
2744
3768
4792
697
1721
2745
3769
4793
698
1722
2746
3770
4794
699
1723
2747
3771
4795
700
1724
2748
3772
4796
701
1725
2749
3773
4797
702
1726
2750
3774
4798
703
1727
2751
3775
4799
704
1728
2752
3776
4800
705
1729
2753
3777
4801
706
1730
2754
3778
4802
707
1731
2755
3779
4803
708
1732
2756
3780
4804
709
1733
2757
3781
4805
710
1734
2758
3782
4806
711
1735
2759
3783
4807
712
1736
2760
3784
4808
713
1737
2761
3785
4809
714
1738
2762
3786
4810
715
1739
2763
3787
4811
716
1740
2764
3788
4812
717
1741
2765
3789
4813
718
1742
2766
3790
4814
719
1743
2767
3791
4815
720
1744
2768
3792
4816
721
1745
2769
3793
4817
722
1746
2770
3794
4818
723
1747
2771
3795
4819
724
1748
2772
3796
4820
725
1749
2773
3797
4821
726
1750
2774
3798
4822
727
1751
2775
3799
4823
728
1752
2776
3800
4824
729
1753
2777
3801
4825
730
1754
2778
3802
4826
731
1755
2779
3803
4827
732
1756
2780
3804
4828
733
1757
2781
3805
4829
734
1758
2782
3806
4830
735
1759
2783
3807
4831
736
1760
2784
3808
4832
737
1761
2785
3809
4833
738
1762
2786
3810
4834
739
1763
2787
3811
4835
740
1764
2788
3812
4836
741
1765
2789
3813
4837
742
1766
2790
3814
4838
743
1767
2791
3815
4839
744
1768
2792
3816
4840
745
1769
2793
3817
4841
746
1770
2794
3818
4842
747
1771
2795
3819
4843
748
1772
2796
3820
4844
749
1773
2797
3821
4845
750
1774
2798
3822
4846
751
1775
2799
3823
4847
752
1776
2800
3824
4848
753
1777
2801
3825
4849
754
1778
2802
3826
4850
755
1779
2803
3827
4851
756
1780
2804
3828
4852
757
1781
2805
3829
4853
758
1782
2806
3830
4854
759
1783
2807
3831
4855
760
1784
2808
3832
4856
761
1785
2809
3833
4857
762
1786
2810
3834
4858
763
1787
2811
3835
4859
764
1788
2812
3836
4860
765
1789
2813
3837
4861
766
1790
2814
3838
4862
767
1791
2815
3839
4863
768
1792
2816
3840
4864
769
1793
2817
3841
4865
770
1794
2818
3842
4866
771
1795
2819
3843
4867
772
1796
2820
3844
4868
773
1797
2821
3845
4869
774
1798
2822
3846
4870
775
1799
2823
3847
4871
776
1800
2824
3848
4872
777
1801
2825
3849
4873
778
1802
2826
3850
4874
779
1803
2827
3851
4875
780
1804
2828
3852
4876
781
1805
2829
3853
4877
782
1806
2830
3854
4878
783
1807
2831
3855
4879
784
1808
2832
3856
4880
785
1809
2833
3857
4881
786
1810
2834
3858
4882
787
1811
2835
3859
4883
788
1812
2836
3860
4884
789
1813
2837
3861
4885
790
1814
2838
3862
4886
791
1815
2839
3863
4887
792
1816
2840
3864
4888
793
1817
2841
3865
4889
794
1818
2842
3866
4890
795
1819
2843
3867
4891
796
1820
2844
3868
4892
797
1821
2845
3869
4893
798
1822
2846
3870
4894
799
1823
2847
3871
4895
800
1824
2848
3872
4896
801
1825
2849
3873
4897
802
1826
2850
3874
4898
803
1827
2851
3875
4899
804
1828
2852
3876
4900
805
1829
2853
3877
4901
806
1830
2854
3878
4902
807
1831
2855
3879
4903
808
1832
2856
3880
4904
809
1833
2857
3881
4905
810
1834
2858
3882
4906
811
1835
2859
3883
4907
812
1836
2860
3884
4908
813
1837
2861
3885
4909
814
1838
2862
3886
4910
815
1839
2863
3887
4911
816
1840
2864
3888
4912
817
1841
2865
3889
4913
818
1842
2866
3890
4914
819
1843
2867
3891
4915
820
1844
2868
3892
4916
821
1845
2869
3893
4917
822
1846
2870
3894
4918
823
1847
2871
3895
4919
824
1848
2872
3896
4920
825
1849
2873
3897
4921
826
1850
2874
3898
4922
827
1851
2875
3899
4923
828
1852
2876
3900
4924
829
1853
2877
3901
4925
830
1854
2878
3902
4926
831
1855
2879
3903
4927
832
1856
2880
3904
4928
833
1857
2881
3905
4929
834
1858
2882
3906
4930
835
1859
2883
3907
4931
836
1860
2884
3908
4932
837
1861
2885
3909
4933
838
1862
2886
3910
4934
839
1863
2887
3911
4935
840
1864
2888
3912
4936
841
1865
2889
3913
4937
842
1866
2890
3914
4938
843
1867
2891
3915
4939
844
1868
2892
3916
4940
845
1869
2893
3917
4941
846
1870
2894
3918
4942
847
1871
2895
3919
4943
848
1872
2896
3920
4944
849
1873
2897
3921
4945
850
1874
2898
3922
4946
851
1875
2899
3923
4947
852
1876
2900
3924
4948
853
1877
2901
3925
4949
854
1878
2902
3926
4950
855
1879
2903
3927
4951
856
1880
2904
3928
4952
857
1881
2905
3929
4953
858
1882
2906
3930
4954
859
1883
2907
3931
4955
860
1884
2908
3932
4956
861
1885
2909
3933
4957
862
1886
2910
3934
4958
863
1887
2911
3935
4959
864
1888
2912
3936
4960
865
1889
2913
3937
4961
866
1890
2914
3938
4962
867
1891
2915
3939
4963
868
1892
2916
3940
4964
869
1893
2917
3941
4965
870
1894
2918
3942
4966
871
1895
2919
3943
4967
872
1896
2920
3944
4968
873
1897
2921
3945
4969
874
1898
2922
3946
4970
875
1899
2923
3947
4971
876
1900
2924
3948
4972
877
1901
2925
3949
4973
878
1902
2926
3950
4974
879
1903
2927
3951
4975
880
1904
2928
3952
4976
881
1905
2929
3953
4977
882
1906
2930
3954
4978
883
1907
2931
3955
4979
884
1908
2932
3956
4980
885
1909
2933
3957
4981
886
1910
2934
3958
4982
887
1911
2935
3959
4983
888
1912
2936
3960
4984
889
1913
2937
3961
4985
890
1914
2938
3962
4986
891
1915
2939
3963
4987
892
1916
2940
3964
4988
893
1917
2941
3965
4989
894
1918
2942
3966
4990
895
1919
2943
3967
4991
896
1920
2944
3968
4992
897
1921
2945
3969
4993
898
1922
2946
3970
4994
899
1923
2947
3971
4995
900
1924
2948
3972
4996
901
1925
2949
3973
4997
902
1926
2950
3974
4998
903
1927
2951
3975
4999
904
1928
2952
3976
5000
905
1929
2953
3977
5001
906
1930
2954
3978
5002
907
1931
2955
3979
5003
908
1932
2956
3980
5004
909
1933
2957
3981
5005
910
1934
2958
3982
5006
911
1935
2959
3983
5007
912
1936
2960
3984
5008
913
1937
2961
3985
5009
914
1938
2962
3986
5010
915
1939
2963
3987
5011
916
1940
2964
3988
5012
917
1941
2965
3989
5013
918
1942
2966
3990
5014
919
1943
2967
3991
5015
920
1944
2968
3992
5016
921
1945
2969
3993
5017
922
1946
2970
3994
5018
923
1947
2971
3995
5019
924
1948
2972
3996
5020
925
1949
2973
3997
5021
926
1950
2974
3998
5022
927
1951
2975
3999
5023
928
1952
2976
4000
5024
929
1953
2977
4001
5025
930
1954
2978
4002
5026
931
1955
2979
4003
5027
932
1956
2980
4004
5028
933
1957
2981
4005
5029
934
1958
2982
4006
5030
935
1959
2983
4007
5031
936
1960
2984
4008
5032
937
1961
2985
4009
5033
938
1962
2986
4010
5034
939
1963
2987
4011
5035
940
1964
2988
4012
5036
941
1965
2989
4013
5037
942
1966
2990
4014
5038
943
1967
2991
4015
5039
944
1968
2992
4016
5040
945
1969
2993
4017
5041
946
1970
2994
4018
5042
947
1971
2995
4019
5043
948
1972
2996
4020
5044
949
1973
2997
4021
5045
950
1974
2998
4022
5046
951
1975
2999
4023
5047
952
1976
3000
4024
5048
953
1977
3001
4025
5049
954
1978
3002
4026
5050
955
1979
3003
4027
5051
956
1980
3004
4028
5052
957
1981
3005
4029
5053
958
1982
3006
4030
5054
959
1983
3007
4031
5055
960
1984
3008
4032
5056
961
1985
3009
4033
5057
962
1986
3010
4034
5058
963
1987
3011
4035
5059
964
1988
3012
4036
5060
965
1989
3013
4037
5061
966
1990
3014
4038
5062
967
1991
3015
4039
5063
968
1992
3016
4040
5064
969
1993
3017
4041
5065
970
1994
3018
4042
5066
971
1995
3019
4043
5067
972
1996
3020
4044
5068
973
1997
3021
4045
5069
974
1998
3022
4046
5070
975
1999
3023
4047
5071
976
2000
3024
4048
5072
977
2001
3025
4049
5073
978
2002
3026
4050
5074
979
2003
3027
4051
5075
980
2004
3028
4052
5076
981
2005
3029
4053
5077
982
2006
3030
4054
5078
983
2007
3031
4055
5079
984
2008
3032
4056
5080
985
2009
3033
4057
5081
986
2010
3034
4058
5082
987
2011
3035
4059
5083
988
2012
3036
4060
5084
989
2013
3037
4061
5085
990
2014
3038
4062
5086
991
2015
3039
4063
5087
992
2016
3040
4064
5088
993
2017
3041
4065
5089
994
2018
3042
4066
5090
995
2019
3043
4067
5091
996
2020
3044
4068
5092
997
2021
3045
4069
5093
998
2022
3046
4070
5094
999
2023
3047
4071
5095
1000
2024
3048
4072
5096
1001
2025
3049
4073
5097
1002
2026
3050
4074
5098
1003
2027
3051
4075
5099
1004
2028
3052
4076
5100
1005
2029
3053
4077
5101
1006
2030
3054
4078
5102
1007
2031
3055
4079
5103
1008
2032
3056
4080
5104
1009
2033
3057
4081
5105
1010
2034
3058
4082
5106
1011
2035
3059
4083
5107
1012
2036
3060
4084
5108
1013
2037
3061
4085
5109
1014
2038
3062
4086
5110
1015
2039
3063
4087
5111
1016
2040
3064
4088
5112
1017
2041
3065
4089
5113
1018
2042
3066
4090
5114
1019
2043
3067
4091
5115
1020
2044
3068
4092
5116
1021
2045
3069
4093
5117
1022
2046
3070
4094
5118
1023
2047
3071
4095
5119
Second Call: 
  Global size = 4
  Local size = 4
  Work groups = 1
4128000
4521216
4371219
3767680

Soma = 16788116.0000000000

Tempo soma sequencial = 0.0000019556


tempo de Execucao 1 = 0.7578326000


tempo de Execucao 2 = 0.0036843600


B/W 30439.2432704322 GB/sec



Y = 4128000.0000000000 4521216.0000000000 4371219.0000000000 3767680.0000000000 
Valor Errado!
16788116.0000000000
