Soma int = 134258691
Soma Total = 134253392.0000000000
Tempo Soma Total Sequencial = 0.0001613334

Available Platforms: 
	[0]AMD Accelerated Parallel Processing

Available Devices for Platform AMD Accelerated Parallel Processing:
	[0]BeaverCreek
	[1]Caicos
	[2]AMD A6-3400M APU with Radeon(tm) HD Graphics
	[Selecionado]BeaverCreek

preferred size = 64
First Call: 
  Global size = 1024
  Local size = 256
  Work groups = 4
139281
139298
122928
122944
122960
122976
122992
123008
123024
123040
123056
123072
123088
123104
123120
123136
123152
123168
123184
123200
123216
123232
123248
123264
123280
123296
123312
123328
123344
123360
123376
123392
123408
123424
123440
123456
123472
123488
123504
123520
123536
123552
123568
123584
123600
123616
123632
123648
123664
123680
123696
123712
123728
123744
123760
123776
123792
123808
123824
123840
123856
123872
123888
123904
123920
123936
123952
123968
123984
124000
124016
124032
124048
124064
124080
124096
124112
124128
124144
124160
124176
124192
124208
124224
124240
124256
124272
124288
124304
124320
124336
124352
124368
124384
124400
124416
124432
124448
124464
124480
124496
124512
124528
124544
124560
124576
124592
124608
124624
124640
124656
124672
124688
124704
124720
124736
124752
124768
124784
124800
124816
124832
124848
124864
124880
124896
124912
124928
124944
124960
124976
124992
125008
125024
125040
125056
125072
125088
125104
125120
125136
125152
125168
125184
125200
125216
125232
125248
125264
125280
125296
125312
125328
125344
125360
125376
125392
125408
125424
125440
125456
125472
125488
125504
125520
125536
125552
125568
125584
125600
125616
125632
125648
125664
125680
125696
125712
125728
125744
125760
125776
125792
125808
125824
125840
125856
125872
125888
125904
125920
125936
125952
125968
125984
126000
126016
126032
126048
126064
126080
126096
126112
126128
126144
126160
126176
126192
126208
126224
126240
126256
126272
126288
126304
126320
126336
126352
126368
126384
126400
126416
126432
126448
126464
126480
126496
126512
126528
126544
126560
126576
126592
126608
126624
126640
126656
126672
126688
126704
126720
126736
126752
126768
126784
126800
126816
126832
126848
126864
126880
126896
126912
126928
126944
126960
126976
126992
127008
127024
127040
127056
127072
127088
127104
127120
127136
127152
127168
127184
127200
127216
127232
127248
127264
127280
127296
127312
127328
127344
127360
127376
127392
127408
127424
127440
127456
127472
127488
127504
127520
127536
127552
127568
127584
127600
127616
127632
127648
127664
127680
127696
127712
127728
127744
127760
127776
127792
127808
127824
127840
127856
127872
127888
127904
127920
127936
127952
127968
127984
128000
128016
128032
128048
128064
128080
128096
128112
128128
128144
128160
128176
128192
128208
128224
128240
128256
128272
128288
128304
128320
128336
128352
128368
128384
128400
128416
128432
128448
128464
128480
128496
128512
128528
128544
128560
128576
128592
128608
128624
128640
128656
128672
128688
128704
128720
128736
128752
128768
128784
128800
128816
128832
128848
128864
128880
128896
128912
128928
128944
128960
128976
128992
129008
129024
129040
129056
129072
129088
129104
129120
129136
129152
129168
129184
129200
129216
129232
129248
129264
129280
129296
129312
129328
129344
129360
129376
129392
129408
129424
129440
129456
129472
129488
129504
129520
129536
129552
129568
129584
129600
129616
129632
129648
129664
129680
129696
129712
129728
129744
129760
129776
129792
129808
129824
129840
129856
129872
129888
129904
129920
129936
129952
129968
129984
130000
130016
130032
130048
130064
130080
130096
130112
130128
130144
130160
130176
130192
130208
130224
130240
130256
130272
130288
130304
130320
130336
130352
130368
130384
130400
130416
130432
130448
130464
130480
130496
130512
130528
130544
130560
130576
130592
130608
130624
130640
130656
130672
130688
130704
130720
130736
130752
130768
130784
130800
130816
130832
130848
130864
130880
130896
130912
130928
130944
130960
130976
130992
131008
131024
131040
131056
131072
131088
131104
131120
131136
131152
131168
131184
131200
131216
131232
131248
131264
131280
131296
131312
131328
131344
131360
131376
131392
131408
131424
131440
131456
131472
131488
131504
131520
131536
131552
131568
131584
131600
131616
131632
131648
131664
131680
131696
131712
131728
131744
131760
131776
131792
131808
131824
131840
131856
131872
131888
131904
131920
131936
131952
131968
131984
132000
132016
132032
132048
132064
132080
132096
132112
132128
132144
132160
132176
132192
132208
132224
132240
132256
132272
132288
132304
132320
132336
132352
132368
132384
132400
132416
132432
132448
132464
132480
132496
132512
132528
132544
132560
132576
132592
132608
132624
132640
132656
132672
132688
132704
132720
132736
132752
132768
132784
132800
132816
132832
132848
132864
132880
132896
132912
132928
132944
132960
132976
132992
133008
133024
133040
133056
133072
133088
133104
133120
133136
133152
133168
133184
133200
133216
133232
133248
133264
133280
133296
133312
133328
133344
133360
133376
133392
133408
133424
133440
133456
133472
133488
133504
133520
133536
133552
133568
133584
133600
133616
133632
133648
133664
133680
133696
133712
133728
133744
133760
133776
133792
133808
133824
133840
133856
133872
133888
133904
133920
133936
133952
133968
133984
134000
134016
134032
134048
134064
134080
134096
134112
134128
134144
134160
134176
134192
134208
134224
134240
134256
134272
134288
134304
134320
134336
134352
134368
134384
134400
134416
134432
134448
134464
134480
134496
134512
134528
134544
134560
134576
134592
134608
134624
134640
134656
134672
134688
134704
134720
134736
134752
134768
134784
134800
134816
134832
134848
134864
134880
134896
134912
134928
134944
134960
134976
134992
135008
135024
135040
135056
135072
135088
135104
135120
135136
135152
135168
135184
135200
135216
135232
135248
135264
135280
135296
135312
135328
135344
135360
135376
135392
135408
135424
135440
135456
135472
135488
135504
135520
135536
135552
135568
135584
135600
135616
135632
135648
135664
135680
135696
135712
135728
135744
135760
135776
135792
135808
135824
135840
135856
135872
135888
135904
135920
135936
135952
135968
135984
136000
136016
136032
136048
136064
136080
136096
136112
136128
136144
136160
136176
136192
136208
136224
136240
136256
136272
136288
136304
136320
136336
136352
136368
136384
136400
136416
136432
136448
136464
136480
136496
136512
136528
136544
136560
136576
136592
136608
136624
136640
136656
136672
136688
136704
136720
136736
136752
136768
136784
136800
136816
136832
136848
136864
136880
136896
136912
136928
136944
136960
136976
136992
137008
137024
137040
137056
137072
137088
137104
137120
137136
137152
137168
137184
137200
137216
137232
137248
137264
137280
137296
137312
137328
137344
137360
137376
137392
137408
137424
137440
137456
137472
137488
137504
137520
137536
137552
137568
137584
137600
137616
137632
137648
137664
137680
137696
137712
137728
137744
137760
137776
137792
137808
137824
137840
137856
137872
137888
137904
137920
137936
137952
137968
137984
138000
138016
138032
138048
138064
138080
138096
138112
138128
138144
138160
138176
138192
138208
138224
138240
138256
138272
138288
138304
138320
138336
138352
138368
138384
138400
138416
138432
138448
138464
138480
138496
138512
138528
138544
138560
138576
138592
138608
138624
138640
138656
138672
138688
138704
138720
138736
138752
138768
138784
138800
138816
138832
138848
138864
138880
138896
138912
138928
138944
138960
138976
138992
139008
139024
139040
139056
139072
139088
139104
139120
139136
139152
139168
139184
139200
139216
139232
139248
139264
Second Call: 
  Global size = 4
  Local size = 4
  Work groups = 1
32016388
33032192
34080768
35129344

Soma = 134258688.0000000000

Tempo soma Final sequencial = 0.0000014667

tempo de Execucao 1 = 0.5579078600
tempo de Execucao 2 = 0.0024761600

Tempo Two-Stage Paralelo/Paralelo = 0.5603840200
Tempo Two-Stage Paralelo/Sequencial = 0.5579093267
B/W 116962.6500056158 GB/sec



Y = 32016388.0000000000 33032192.0000000000 34080768.0000000000 35129344.0000000000 
Z = 134258688.0000000000
Valor Errado!
