0.44802451133728027000000000000000 258.86680388450623000000000000000000 269.14039397239685000000000000000000
0.46602821350097656000000000000000 236.16149806976318000000000000000000 246.37509202957153000000000000000000
0.45103096961975098000000000000000 270.51447057723999000000000000000000 286.75640201568604000000000000000000
0.43502187728881836000000000000000 223.68880367279053000000000000000000 235.59147500991821000000000000000000
0.36762714385986328000000000000000 224.95407319068909000000000000000000 241.71355605125427000000000000000000
0.46702575683593750000000000000000 215.26224136352539000000000000000000 227.02104806900024000000000000000000
0.45221805572509766000000000000000 231.32670092582703000000000000000000 241.82808995246887000000000000000000
0.51722264289855957000000000000000 209.30566620826721000000000000000000 225.62594294548035000000000000000000
0.42422127723693848000000000000000 236.99322128295898000000000000000000 256.83675599098206000000000000000000
0.44603633880615234000000000000000 209.08194208145142000000000000000000 230.31217312812805000000000000000000
