0.31202316284179688000000000000000 11.93767952919006300000000000000000 21.89525198936462400000000000000000
0.33202934265136719000000000000000 12.00467395782470700000000000000000 21.99425792694091800000000000000000
0.32401299476623535000000000000000 11.20264911651611300000000000000000 22.26927399635314900000000000000000
0.33501863479614258000000000000000 11.44865632057189900000000000000000 23.03231692314147900000000000000000
0.31300497055053711000000000000000 11.41037464141845700000000000000000 21.86513209342956500000000000000000
0.33620262145996094000000000000000 11.49497985839843800000000000000000 22.59614801406860400000000000000000
0.45920610427856445000000000000000 12.51220130920410200000000000000000 22.57435297966003400000000000000000
0.36480450630187988000000000000000 11.42757344245910600000000000000000 21.73153281211853000000000000000000
0.27280354499816895000000000000000 12.00317764282226600000000000000000 21.87232995033264200000000000000000
0.31601238250732422000000000000000 11.03263354301452600000000000000000 20.91319608688354500000000000000000
