1296 3 1
X1 X2 Y

-5 -5 -131494.21491
-5 -4.72222222222 -127841.597829
-5 -4.44444444444 -124188.980748
-5 -4.16666666667 -120536.363667
-5 -3.88888888889 -116883.746587
-5 -3.61111111111 -113231.129506
-5 -3.33333333333 -109578.512425
-5 -3.05555555556 -105925.895344
-5 -2.77777777778 -102273.278263
-5 -2.5 -98620.6611825
-5 -2.22222222222 -94968.0441017
-5 -1.94444444444 -91315.4270208
-5 -1.66666666667 -87662.80994
-5 -1.38888888889 -84010.1928592
-5 -1.11111111111 -80357.5757783
-5 -0.833333333333 -76704.9586975
-5 -0.555555555556 -73052.3416167
-5 -0.277777777778 -69399.7245358
-5 -1.33226762955e-15 -65747.107455
-5 0.277777777778 -62094.4903742
-5 0.555555555556 -58441.8732933
-5 0.833333333333 -54789.2562125
-5 1.11111111111 -51136.6391317
-5 1.38888888889 -47484.0220508
-5 1.66666666667 -43831.40497
-5 1.94444444444 -40178.7878892
-5 2.22222222222 -36526.1708083
-5 2.5 -32873.5537275
-5 2.77777777778 -29220.9366467
-5 3.05555555556 -25568.3195658
-5 3.33333333333 -21915.702485
-5 3.61111111111 -18263.0854042
-5 3.88888888889 -14610.4683233
-5 4.16666666667 -10957.8512425
-5 4.44444444444 -7305.23416167
-5 4.72222222222 -3652.61708083
-4.72222222222 -5 -117209.32018
-4.72222222222 -4.72222222222 -113953.505731
-4.72222222222 -4.44444444444 -110697.691281
-4.72222222222 -4.16666666667 -107441.876832
-4.72222222222 -3.88888888889 -104186.062382
-4.72222222222 -3.61111111111 -100930.247933
-4.72222222222 -3.33333333333 -97674.4334834
-4.72222222222 -3.05555555556 -94418.619034
-4.72222222222 -2.77777777778 -91162.8045845
-4.72222222222 -2.5 -87906.9901351
-4.72222222222 -2.22222222222 -84651.1756856
-4.72222222222 -1.94444444444 -81395.3612362
-4.72222222222 -1.66666666667 -78139.5467868
-4.72222222222 -1.38888888889 -74883.7323373
-4.72222222222 -1.11111111111 -71627.9178879
-4.72222222222 -0.833333333333 -68372.1034384
-4.72222222222 -0.555555555556 -65116.288989
-4.72222222222 -0.277777777778 -61860.4745395
-4.72222222222 -1.33226762955e-15 -58604.6600901
-4.72222222222 0.277777777778 -55348.8456406
-4.72222222222 0.555555555556 -52093.0311912
-4.72222222222 0.833333333333 -48837.2167417
-4.72222222222 1.11111111111 -45581.4022923
-4.72222222222 1.38888888889 -42325.5878428
-4.72222222222 1.66666666667 -39069.7733934
-4.72222222222 1.94444444444 -35813.9589439
-4.72222222222 2.22222222222 -32558.1444945
-4.72222222222 2.5 -29302.330045
-4.72222222222 2.77777777778 -26046.5155956
-4.72222222222 3.05555555556 -22790.7011461
-4.72222222222 3.33333333333 -19534.8866967
-4.72222222222 3.61111111111 -16279.0722472
-4.72222222222 3.88888888889 -13023.2577978
-4.72222222222 4.16666666667 -9767.44334834
-4.72222222222 4.44444444444 -6511.6288989
-4.72222222222 4.72222222222 -3255.81444945
-4.44444444444 -5 -89837.0103048
-4.44444444444 -4.72222222222 -87341.5377964
-4.44444444444 -4.44444444444 -84846.0652879
-4.44444444444 -4.16666666667 -82350.5927794
-4.44444444444 -3.88888888889 -79855.120271
-4.44444444444 -3.61111111111 -77359.6477625
-4.44444444444 -3.33333333333 -74864.175254
-4.44444444444 -3.05555555556 -72368.7027456
-4.44444444444 -2.77777777778 -69873.2302371
-4.44444444444 -2.5 -67377.7577286
-4.44444444444 -2.22222222222 -64882.2852202
-4.44444444444 -1.94444444444 -62386.8127117
-4.44444444444 -1.66666666667 -59891.3402032
-4.44444444444 -1.38888888889 -57395.8676948
-4.44444444444 -1.11111111111 -54900.3951863
-4.44444444444 -0.833333333333 -52404.9226778
-4.44444444444 -0.555555555556 -49909.4501694
-4.44444444444 -0.277777777778 -47413.9776609
-4.44444444444 -1.33226762955e-15 -44918.5051524
-4.44444444444 0.277777777778 -42423.032644
-4.44444444444 0.555555555556 -39927.5601355
-4.44444444444 0.833333333333 -37432.087627
-4.44444444444 1.11111111111 -34936.6151186
-4.44444444444 1.38888888889 -32441.1426101
-4.44444444444 1.66666666667 -29945.6701016
-4.44444444444 1.94444444444 -27450.1975931
-4.44444444444 2.22222222222 -24954.7250847
-4.44444444444 2.5 -22459.2525762
-4.44444444444 2.77777777778 -19963.7800677
-4.44444444444 3.05555555556 -17468.3075593
-4.44444444444 3.33333333333 -14972.8350508
-4.44444444444 3.61111111111 -12477.3625423
-4.44444444444 3.88888888889 -9981.89003387
-4.44444444444 4.16666666667 -7486.4175254
-4.44444444444 4.44444444444 -4990.94501694
-4.44444444444 4.72222222222 -2495.47250847
-4.16666666667 -5 -55004.3412551
-4.16666666667 -4.72222222222 -53476.4428869
-4.16666666667 -4.44444444444 -51948.5445187
-4.16666666667 -4.16666666667 -50420.6461505
-4.16666666667 -3.88888888889 -48892.7477823
-4.16666666667 -3.61111111111 -47364.8494141
-4.16666666667 -3.33333333333 -45836.9510459
-4.16666666667 -3.05555555556 -44309.0526777
-4.16666666667 -2.77777777778 -42781.1543095
-4.16666666667 -2.5 -41253.2559413
-4.16666666667 -2.22222222222 -39725.3575731
-4.16666666667 -1.94444444444 -38197.4592049
-4.16666666667 -1.66666666667 -36669.5608367
-4.16666666667 -1.38888888889 -35141.6624685
-4.16666666667 -1.11111111111 -33613.7641003
-4.16666666667 -0.833333333333 -32085.8657321
-4.16666666667 -0.555555555556 -30557.9673639
-4.16666666667 -0.277777777778 -29030.0689957
-4.16666666667 -1.33226762955e-15 -27502.1706275
-4.16666666667 0.277777777778 -25974.2722593
-4.16666666667 0.555555555556 -24446.3738911
-4.16666666667 0.833333333333 -22918.4755229
-4.16666666667 1.11111111111 -21390.5771547
-4.16666666667 1.38888888889 -19862.6787866
-4.16666666667 1.66666666667 -18334.7804184
-4.16666666667 1.94444444444 -16806.8820502
-4.16666666667 2.22222222222 -15278.983682
-4.16666666667 2.5 -13751.0853138
-4.16666666667 2.77777777778 -12223.1869456
-4.16666666667 3.05555555556 -10695.2885774
-4.16666666667 3.33333333333 -9167.39020918
-4.16666666667 3.61111111111 -7639.49184098
-4.16666666667 3.88888888889 -6111.59347279
-4.16666666667 4.16666666667 -4583.69510459
-4.16666666667 4.44444444444 -3055.79673639
-4.16666666667 4.72222222222 -1527.8983682
-3.88888888889 -5 -26146.8616435
-3.88888888889 -4.72222222222 -25420.5599312
-3.88888888889 -4.44444444444 -24694.2582189
-3.88888888889 -4.16666666667 -23967.9565066
-3.88888888889 -3.88888888889 -23241.6547943
-3.88888888889 -3.61111111111 -22515.3530819
-3.88888888889 -3.33333333333 -21789.0513696
-3.88888888889 -3.05555555556 -21062.7496573
-3.88888888889 -2.77777777778 -20336.447945
-3.88888888889 -2.5 -19610.1462327
-3.88888888889 -2.22222222222 -18883.8445203
-3.88888888889 -1.94444444444 -18157.542808
-3.88888888889 -1.66666666667 -17431.2410957
-3.88888888889 -1.38888888889 -16704.9393834
-3.88888888889 -1.11111111111 -15978.6376711
-3.88888888889 -0.833333333333 -15252.3359587
-3.88888888889 -0.555555555556 -14526.0342464
-3.88888888889 -0.277777777778 -13799.7325341
-3.88888888889 -1.33226762955e-15 -13073.4308218
-3.88888888889 0.277777777778 -12347.1291095
-3.88888888889 0.555555555556 -11620.8273971
-3.88888888889 0.833333333333 -10894.5256848
-3.88888888889 1.11111111111 -10168.2239725
-3.88888888889 1.38888888889 -9441.92226017
-3.88888888889 1.66666666667 -8715.62054785
-3.88888888889 1.94444444444 -7989.31883553
-3.88888888889 2.22222222222 -7263.01712321
-3.88888888889 2.5 -6536.71541089
-3.88888888889 2.77777777778 -5810.41369857
-3.88888888889 3.05555555556 -5084.11198625
-3.88888888889 3.33333333333 -4357.81027392
-3.88888888889 3.61111111111 -3631.5085616
-3.88888888889 3.88888888889 -2905.20684928
-3.88888888889 4.16666666667 -2178.90513696
-3.88888888889 4.44444444444 -1452.60342464
-3.88888888889 4.72222222222 -726.301712321
-3.61111111111 -5 -9324.16757603
-3.61111111111 -4.72222222222 -9065.16292114
-3.61111111111 -4.44444444444 -8806.15826625
-3.61111111111 -4.16666666667 -8547.15361136
-3.61111111111 -3.88888888889 -8288.14895647
-3.61111111111 -3.61111111111 -8029.14430158
-3.61111111111 -3.33333333333 -7770.13964669
-3.61111111111 -3.05555555556 -7511.1349918
-3.61111111111 -2.77777777778 -7252.13033691
-3.61111111111 -2.5 -6993.12568202
-3.61111111111 -2.22222222222 -6734.12102713
-3.61111111111 -1.94444444444 -6475.11637224
-3.61111111111 -1.66666666667 -6216.11171735
-3.61111111111 -1.38888888889 -5957.10706246
-3.61111111111 -1.11111111111 -5698.10240757
-3.61111111111 -0.833333333333 -5439.09775268
-3.61111111111 -0.555555555556 -5180.09309779
-3.61111111111 -0.277777777778 -4921.0884429
-3.61111111111 -1.33226762955e-15 -4662.08378801
-3.61111111111 0.277777777778 -4403.07913312
-3.61111111111 0.555555555556 -4144.07447823
-3.61111111111 0.833333333333 -3885.06982335
-3.61111111111 1.11111111111 -3626.06516846
-3.61111111111 1.38888888889 -3367.06051357
-3.61111111111 1.66666666667 -3108.05585868
-3.61111111111 1.94444444444 -2849.05120379
-3.61111111111 2.22222222222 -2590.0465489
-3.61111111111 2.5 -2331.04189401
-3.61111111111 2.77777777778 -2072.03723912
-3.61111111111 3.05555555556 -1813.03258423
-3.61111111111 3.33333333333 -1554.02792934
-3.61111111111 3.61111111111 -1295.02327445
-3.61111111111 3.88888888889 -1036.01861956
-3.61111111111 4.16666666667 -777.013964669
-3.61111111111 4.44444444444 -518.009309779
-3.61111111111 4.72222222222 -259.00465489
-3.33333333333 -5 -2049.02694463
-3.33333333333 -4.72222222222 -1992.1095295
-3.33333333333 -4.44444444444 -1935.19211438
-3.33333333333 -4.16666666667 -1878.27469925
-3.33333333333 -3.88888888889 -1821.35728412
-3.33333333333 -3.61111111111 -1764.43986899
-3.33333333333 -3.33333333333 -1707.52245386
-3.33333333333 -3.05555555556 -1650.60503873
-3.33333333333 -2.77777777778 -1593.6876236
-3.33333333333 -2.5 -1536.77020847
-3.33333333333 -2.22222222222 -1479.85279335
-3.33333333333 -1.94444444444 -1422.93537822
-3.33333333333 -1.66666666667 -1366.01796309
-3.33333333333 -1.38888888889 -1309.10054796
-3.33333333333 -1.11111111111 -1252.18313283
-3.33333333333 -0.833333333333 -1195.2657177
-3.33333333333 -0.555555555556 -1138.34830257
-3.33333333333 -0.277777777778 -1081.43088745
-3.33333333333 -1.33226762955e-15 -1024.51347232
-3.33333333333 0.277777777778 -967.596057188
-3.33333333333 0.555555555556 -910.678642059
-3.33333333333 0.833333333333 -853.76122693
-3.33333333333 1.11111111111 -796.843811802
-3.33333333333 1.38888888889 -739.926396673
-3.33333333333 1.66666666667 -683.008981544
-3.33333333333 1.94444444444 -626.091566416
-3.33333333333 2.22222222222 -569.174151287
-3.33333333333 2.5 -512.256736158
-3.33333333333 2.77777777778 -455.33932103
-3.33333333333 3.05555555556 -398.421905901
-3.33333333333 3.33333333333 -341.504490772
-3.33333333333 3.61111111111 -284.587075643
-3.33333333333 3.88888888889 -227.669660515
-3.33333333333 4.16666666667 -170.752245386
-3.33333333333 4.44444444444 -113.834830257
-3.33333333333 4.72222222222 -56.9174151287
-3.05555555556 -5 524.341969432
-3.05555555556 -4.72222222222 509.776914726
-3.05555555556 -4.44444444444 495.211860019
-3.05555555556 -4.16666666667 480.646805313
-3.05555555556 -3.88888888889 466.081750606
-3.05555555556 -3.61111111111 451.5166959
-3.05555555556 -3.33333333333 436.951641193
-3.05555555556 -3.05555555556 422.386586487
-3.05555555556 -2.77777777778 407.821531781
-3.05555555556 -2.5 393.256477074
-3.05555555556 -2.22222222222 378.691422368
-3.05555555556 -1.94444444444 364.126367661
-3.05555555556 -1.66666666667 349.561312955
-3.05555555556 -1.38888888889 334.996258248
-3.05555555556 -1.11111111111 320.431203542
-3.05555555556 -0.833333333333 305.866148835
-3.05555555556 -0.555555555556 291.301094129
-3.05555555556 -0.277777777778 276.736039423
-3.05555555556 -1.33226762955e-15 262.170984716
-3.05555555556 0.277777777778 247.60593001
-3.05555555556 0.555555555556 233.040875303
-3.05555555556 0.833333333333 218.475820597
-3.05555555556 1.11111111111 203.91076589
-3.05555555556 1.38888888889 189.345711184
-3.05555555556 1.66666666667 174.780656477
-3.05555555556 1.94444444444 160.215601771
-3.05555555556 2.22222222222 145.650547064
-3.05555555556 2.5 131.085492358
-3.05555555556 2.77777777778 116.520437652
-3.05555555556 3.05555555556 101.955382945
-3.05555555556 3.33333333333 87.3903282387
-3.05555555556 3.61111111111 72.8252735322
-3.05555555556 3.88888888889 58.2602188258
-3.05555555556 4.16666666667 43.6951641193
-3.05555555556 4.44444444444 29.1301094129
-3.05555555556 4.72222222222 14.5650547064
-2.77777777778 -5 1371.81445569
-2.77777777778 -4.72222222222 1333.70849858
-2.77777777778 -4.44444444444 1295.60254148
-2.77777777778 -4.16666666667 1257.49658438
-2.77777777778 -3.88888888889 1219.39062728
-2.77777777778 -3.61111111111 1181.28467018
-2.77777777778 -3.33333333333 1143.17871307
-2.77777777778 -3.05555555556 1105.07275597
-2.77777777778 -2.77777777778 1066.96679887
-2.77777777778 -2.5 1028.86084177
-2.77777777778 -2.22222222222 990.754884663
-2.77777777778 -1.94444444444 952.648927561
-2.77777777778 -1.66666666667 914.542970458
-2.77777777778 -1.38888888889 876.437013356
-2.77777777778 -1.11111111111 838.331056253
-2.77777777778 -0.833333333333 800.225099151
-2.77777777778 -0.555555555556 762.119142048
-2.77777777778 -0.277777777778 724.013184946
-2.77777777778 -1.33226762955e-15 685.907227844
-2.77777777778 0.277777777778 647.801270741
-2.77777777778 0.555555555556 609.695313639
-2.77777777778 0.833333333333 571.589356536
-2.77777777778 1.11111111111 533.483399434
-2.77777777778 1.38888888889 495.377442332
-2.77777777778 1.66666666667 457.271485229
-2.77777777778 1.94444444444 419.165528127
-2.77777777778 2.22222222222 381.059571024
-2.77777777778 2.5 342.953613922
-2.77777777778 2.77777777778 304.847656819
-2.77777777778 3.05555555556 266.741699717
-2.77777777778 3.33333333333 228.635742615
-2.77777777778 3.61111111111 190.529785512
-2.77777777778 3.88888888889 152.42382841
-2.77777777778 4.16666666667 114.317871307
-2.77777777778 4.44444444444 76.2119142049
-2.77777777778 4.72222222222 38.1059571024
-2.5 -5 1466.08810003
-2.5 -4.72222222222 1425.36343058
-2.5 -4.44444444444 1384.63876114
-2.5 -4.16666666667 1343.91409169
-2.5 -3.88888888889 1303.18942225
-2.5 -3.61111111111 1262.4647528
-2.5 -3.33333333333 1221.74008336
-2.5 -3.05555555556 1181.01541391
-2.5 -2.77777777778 1140.29074447
-2.5 -2.5 1099.56607502
-2.5 -2.22222222222 1058.84140557
-2.5 -1.94444444444 1018.11673613
-2.5 -1.66666666667 977.392066685
-2.5 -1.38888888889 936.667397239
-2.5 -1.11111111111 895.942727794
-2.5 -0.833333333333 855.218058349
-2.5 -0.555555555556 814.493388904
-2.5 -0.277777777778 773.768719459
-2.5 -1.33226762955e-15 733.044050013
-2.5 0.277777777778 692.319380568
-2.5 0.555555555556 651.594711123
-2.5 0.833333333333 610.870041678
-2.5 1.11111111111 570.145372233
-2.5 1.38888888889 529.420702787
-2.5 1.66666666667 488.696033342
-2.5 1.94444444444 447.971363897
-2.5 2.22222222222 407.246694452
-2.5 2.5 366.522025007
-2.5 2.77777777778 325.797355562
-2.5 3.05555555556 285.072686116
-2.5 3.33333333333 244.348016671
-2.5 3.61111111111 203.623347226
-2.5 3.88888888889 162.898677781
-2.5 4.16666666667 122.174008336
-2.5 4.44444444444 81.4493388904
-2.5 4.72222222222 40.7246694452
-2.22222222222 -5 1114.04660513
-2.22222222222 -4.72222222222 1083.1008661
-2.22222222222 -4.44444444444 1052.15512706
-2.22222222222 -4.16666666667 1021.20938803
-2.22222222222 -3.88888888889 990.263649002
-2.22222222222 -3.61111111111 959.317909971
-2.22222222222 -3.33333333333 928.372170939
-2.22222222222 -3.05555555556 897.426431908
-2.22222222222 -2.77777777778 866.480692877
-2.22222222222 -2.5 835.534953845
-2.22222222222 -2.22222222222 804.589214814
-2.22222222222 -1.94444444444 773.643475783
-2.22222222222 -1.66666666667 742.697736752
-2.22222222222 -1.38888888889 711.75199772
-2.22222222222 -1.11111111111 680.806258689
-2.22222222222 -0.833333333333 649.860519658
-2.22222222222 -0.555555555556 618.914780626
-2.22222222222 -0.277777777778 587.969041595
-2.22222222222 -1.33226762955e-15 557.023302564
-2.22222222222 0.277777777778 526.077563532
-2.22222222222 0.555555555556 495.131824501
-2.22222222222 0.833333333333 464.18608547
-2.22222222222 1.11111111111 433.240346438
-2.22222222222 1.38888888889 402.294607407
-2.22222222222 1.66666666667 371.348868376
-2.22222222222 1.94444444444 340.403129344
-2.22222222222 2.22222222222 309.457390313
-2.22222222222 2.5 278.511651282
-2.22222222222 2.77777777778 247.565912251
-2.22222222222 3.05555555556 216.620173219
-2.22222222222 3.33333333333 185.674434188
-2.22222222222 3.61111111111 154.728695157
-2.22222222222 3.88888888889 123.782956125
-2.22222222222 4.16666666667 92.8372170939
-2.22222222222 4.44444444444 61.8914780626
-2.22222222222 4.72222222222 30.9457390313
-1.94444444444 -5 629.767782864
-1.94444444444 -4.72222222222 612.27423334
-1.94444444444 -4.44444444444 594.780683816
-1.94444444444 -4.16666666667 577.287134292
-1.94444444444 -3.88888888889 559.793584768
-1.94444444444 -3.61111111111 542.300035244
-1.94444444444 -3.33333333333 524.80648572
-1.94444444444 -3.05555555556 507.312936196
-1.94444444444 -2.77777777778 489.819386672
-1.94444444444 -2.5 472.325837148
-1.94444444444 -2.22222222222 454.832287624
-1.94444444444 -1.94444444444 437.3387381
-1.94444444444 -1.66666666667 419.845188576
-1.94444444444 -1.38888888889 402.351639052
-1.94444444444 -1.11111111111 384.858089528
-1.94444444444 -0.833333333333 367.364540004
-1.94444444444 -0.555555555556 349.87099048
-1.94444444444 -0.277777777778 332.377440956
-1.94444444444 -1.33226762955e-15 314.883891432
-1.94444444444 0.277777777778 297.390341908
-1.94444444444 0.555555555556 279.896792384
-1.94444444444 0.833333333333 262.40324286
-1.94444444444 1.11111111111 244.909693336
-1.94444444444 1.38888888889 227.416143812
-1.94444444444 1.66666666667 209.922594288
-1.94444444444 1.94444444444 192.429044764
-1.94444444444 2.22222222222 174.93549524
-1.94444444444 2.5 157.441945716
-1.94444444444 2.77777777778 139.948396192
-1.94444444444 3.05555555556 122.454846668
-1.94444444444 3.33333333333 104.961297144
-1.94444444444 3.61111111111 87.46774762
-1.94444444444 3.88888888889 69.974198096
-1.94444444444 4.16666666667 52.480648572
-1.94444444444 4.44444444444 34.987099048
-1.94444444444 4.72222222222 17.493549524
-1.66666666667 -5 267.131253253
-1.66666666667 -4.72222222222 259.710940663
-1.66666666667 -4.44444444444 252.290628073
-1.66666666667 -4.16666666667 244.870315482
-1.66666666667 -3.88888888889 237.450002892
-1.66666666667 -3.61111111111 230.029690302
-1.66666666667 -3.33333333333 222.609377711
-1.66666666667 -3.05555555556 215.189065121
-1.66666666667 -2.77777777778 207.76875253
-1.66666666667 -2.5 200.34843994
-1.66666666667 -2.22222222222 192.92812735
-1.66666666667 -1.94444444444 185.507814759
-1.66666666667 -1.66666666667 178.087502169
-1.66666666667 -1.38888888889 170.667189579
-1.66666666667 -1.11111111111 163.246876988
-1.66666666667 -0.833333333333 155.826564398
-1.66666666667 -0.555555555556 148.406251807
-1.66666666667 -0.277777777778 140.985939217
-1.66666666667 -1.33226762955e-15 133.565626627
-1.66666666667 0.277777777778 126.145314036
-1.66666666667 0.555555555556 118.725001446
-1.66666666667 0.833333333333 111.304688856
-1.66666666667 1.11111111111 103.884376265
-1.66666666667 1.38888888889 96.4640636749
-1.66666666667 1.66666666667 89.0437510845
-1.66666666667 1.94444444444 81.6234384941
-1.66666666667 2.22222222222 74.2031259037
-1.66666666667 2.5 66.7828133134
-1.66666666667 2.77777777778 59.362500723
-1.66666666667 3.05555555556 51.9421881326
-1.66666666667 3.33333333333 44.5218755422
-1.66666666667 3.61111111111 37.1015629519
-1.66666666667 3.88888888889 29.6812503615
-1.66666666667 4.16666666667 22.2609377711
-1.66666666667 4.44444444444 14.8406251807
-1.66666666667 4.72222222222 7.42031259037
-1.38888888889 -5 87.1817308806
-1.38888888889 -4.72222222222 84.7600161339
-1.38888888889 -4.44444444444 82.3383013873
-1.38888888889 -4.16666666667 79.9165866406
-1.38888888889 -3.88888888889 77.4948718939
-1.38888888889 -3.61111111111 75.0731571472
-1.38888888889 -3.33333333333 72.6514424005
-1.38888888889 -3.05555555556 70.2297276538
-1.38888888889 -2.77777777778 67.8080129071
-1.38888888889 -2.5 65.3862981605
-1.38888888889 -2.22222222222 62.9645834138
-1.38888888889 -1.94444444444 60.5428686671
-1.38888888889 -1.66666666667 58.1211539204
-1.38888888889 -1.38888888889 55.6994391737
-1.38888888889 -1.11111111111 53.277724427
-1.38888888889 -0.833333333333 50.8560096804
-1.38888888889 -0.555555555556 48.4342949337
-1.38888888889 -0.277777777778 46.012580187
-1.38888888889 -1.33226762955e-15 43.5908654403
-1.38888888889 0.277777777778 41.1691506936
-1.38888888889 0.555555555556 38.7474359469
-1.38888888889 0.833333333333 36.3257212003
-1.38888888889 1.11111111111 33.9040064536
-1.38888888889 1.38888888889 31.4822917069
-1.38888888889 1.66666666667 29.0605769602
-1.38888888889 1.94444444444 26.6388622135
-1.38888888889 2.22222222222 24.2171474668
-1.38888888889 2.5 21.7954327202
-1.38888888889 2.77777777778 19.3737179735
-1.38888888889 3.05555555556 16.9520032268
-1.38888888889 3.33333333333 14.5302884801
-1.38888888889 3.61111111111 12.1085737334
-1.38888888889 3.88888888889 9.68685898674
-1.38888888889 4.16666666667 7.26514424005
-1.38888888889 4.44444444444 4.84342949337
-1.38888888889 4.72222222222 2.42171474668
-1.11111111111 -5 24.0371484881
-1.11111111111 -4.72222222222 23.369449919
-1.11111111111 -4.44444444444 22.7017513499
-1.11111111111 -4.16666666667 22.0340527808
-1.11111111111 -3.88888888889 21.3663542117
-1.11111111111 -3.61111111111 20.6986556426
-1.11111111111 -3.33333333333 20.0309570734
-1.11111111111 -3.05555555556 19.3632585043
-1.11111111111 -2.77777777778 18.6955599352
-1.11111111111 -2.5 18.0278613661
-1.11111111111 -2.22222222222 17.360162797
-1.11111111111 -1.94444444444 16.6924642279
-1.11111111111 -1.66666666667 16.0247656588
-1.11111111111 -1.38888888889 15.3570670896
-1.11111111111 -1.11111111111 14.6893685205
-1.11111111111 -0.833333333333 14.0216699514
-1.11111111111 -0.555555555556 13.3539713823
-1.11111111111 -0.277777777778 12.6862728132
-1.11111111111 -1.33226762955e-15 12.0185742441
-1.11111111111 0.277777777778 11.350875675
-1.11111111111 0.555555555556 10.6831771058
-1.11111111111 0.833333333333 10.0154785367
-1.11111111111 1.11111111111 9.34777996761
-1.11111111111 1.38888888889 8.68008139849
-1.11111111111 1.66666666667 8.01238282938
-1.11111111111 1.94444444444 7.34468426026
-1.11111111111 2.22222222222 6.67698569115
-1.11111111111 2.5 6.00928712203
-1.11111111111 2.77777777778 5.34158855292
-1.11111111111 3.05555555556 4.6738899838
-1.11111111111 3.33333333333 4.00619141469
-1.11111111111 3.61111111111 3.33849284557
-1.11111111111 3.88888888889 2.67079427646
-1.11111111111 4.16666666667 2.00309570734
-1.11111111111 4.44444444444 1.33539713823
-1.11111111111 4.72222222222 0.667698569115
-0.833333333333 -5 6.2252032991
-0.833333333333 -4.72222222222 6.05228098524
-0.833333333333 -4.44444444444 5.87935867137
-0.833333333333 -4.16666666667 5.70643635751
-0.833333333333 -3.88888888889 5.53351404364
-0.833333333333 -3.61111111111 5.36059172978
-0.833333333333 -3.33333333333 5.18766941592
-0.833333333333 -3.05555555556 5.01474710205
-0.833333333333 -2.77777777778 4.84182478819
-0.833333333333 -2.5 4.66890247432
-0.833333333333 -2.22222222222 4.49598016046
-0.833333333333 -1.94444444444 4.3230578466
-0.833333333333 -1.66666666667 4.15013553273
-0.833333333333 -1.38888888889 3.97721321887
-0.833333333333 -1.11111111111 3.80429090501
-0.833333333333 -0.833333333333 3.63136859114
-0.833333333333 -0.555555555556 3.45844627728
-0.833333333333 -0.277777777778 3.28552396341
-0.833333333333 -1.33226762955e-15 3.11260164955
-0.833333333333 0.277777777778 2.93967933569
-0.833333333333 0.555555555556 2.76675702182
-0.833333333333 0.833333333333 2.59383470796
-0.833333333333 1.11111111111 2.42091239409
-0.833333333333 1.38888888889 2.24799008023
-0.833333333333 1.66666666667 2.07506776637
-0.833333333333 1.94444444444 1.9021454525
-0.833333333333 2.22222222222 1.72922313864
-0.833333333333 2.5 1.55630082477
-0.833333333333 2.77777777778 1.38337851091
-0.833333333333 3.05555555556 1.21045619705
-0.833333333333 3.33333333333 1.03753388318
-0.833333333333 3.61111111111 0.864611569319
-0.833333333333 3.88888888889 0.691689255456
-0.833333333333 4.16666666667 0.518766941592
-0.833333333333 4.44444444444 0.345844627728
-0.833333333333 4.72222222222 0.172922313864
-0.555555555556 -5 1.2036885856
-0.555555555556 -4.72222222222 1.17025279155
-0.555555555556 -4.44444444444 1.13681699751
-0.555555555556 -4.16666666667 1.10338120346
-0.555555555556 -3.88888888889 1.06994540942
-0.555555555556 -3.61111111111 1.03650961537
-0.555555555556 -3.33333333333 1.00307382133
-0.555555555556 -3.05555555556 0.969638027285
-0.555555555556 -2.77777777778 0.936202233241
-0.555555555556 -2.5 0.902766439197
-0.555555555556 -2.22222222222 0.869330645152
-0.555555555556 -1.94444444444 0.835894851108
-0.555555555556 -1.66666666667 0.802459057064
-0.555555555556 -1.38888888889 0.769023263019
-0.555555555556 -1.11111111111 0.735587468975
-0.555555555556 -0.833333333333 0.702151674931
-0.555555555556 -0.555555555556 0.668715880886
-0.555555555556 -0.277777777778 0.635280086842
-0.555555555556 -1.33226762955e-15 0.601844292798
-0.555555555556 0.277777777778 0.568408498753
-0.555555555556 0.555555555556 0.534972704709
-0.555555555556 0.833333333333 0.501536910665
-0.555555555556 1.11111111111 0.468101116621
-0.555555555556 1.38888888889 0.434665322576
-0.555555555556 1.66666666667 0.401229528532
-0.555555555556 1.94444444444 0.367793734488
-0.555555555556 2.22222222222 0.334357940443
-0.555555555556 2.5 0.300922146399
-0.555555555556 2.77777777778 0.267486352355
-0.555555555556 3.05555555556 0.23405055831
-0.555555555556 3.33333333333 0.200614764266
-0.555555555556 3.61111111111 0.167178970222
-0.555555555556 3.88888888889 0.133743176177
-0.555555555556 4.16666666667 0.100307382133
-0.555555555556 4.44444444444 0.0668715880886
-0.555555555556 4.72222222222 0.0334357940443
-0.277777777778 -5 0.0719828405715
-0.277777777778 -4.72222222222 0.0699833172223
-0.277777777778 -4.44444444444 0.0679837938731
-0.277777777778 -4.16666666667 0.0659842705239
-0.277777777778 -3.88888888889 0.0639847471747
-0.277777777778 -3.61111111111 0.0619852238255
-0.277777777778 -3.33333333333 0.0599857004763
-0.277777777778 -3.05555555556 0.0579861771271
-0.277777777778 -2.77777777778 0.0559866537779
-0.277777777778 -2.5 0.0539871304287
-0.277777777778 -2.22222222222 0.0519876070794
-0.277777777778 -1.94444444444 0.0499880837302
-0.277777777778 -1.66666666667 0.047988560381
-0.277777777778 -1.38888888889 0.0459890370318
-0.277777777778 -1.11111111111 0.0439895136826
-0.277777777778 -0.833333333333 0.0419899903334
-0.277777777778 -0.555555555556 0.0399904669842
-0.277777777778 -0.277777777778 0.037990943635
-0.277777777778 -1.33226762955e-15 0.0359914202858
-0.277777777778 0.277777777778 0.0339918969366
-0.277777777778 0.555555555556 0.0319923735874
-0.277777777778 0.833333333333 0.0299928502381
-0.277777777778 1.11111111111 0.0279933268889
-0.277777777778 1.38888888889 0.0259938035397
-0.277777777778 1.66666666667 0.0239942801905
-0.277777777778 1.94444444444 0.0219947568413
-0.277777777778 2.22222222222 0.0199952334921
-0.277777777778 2.5 0.0179957101429
-0.277777777778 2.77777777778 0.0159961867937
-0.277777777778 3.05555555556 0.0139966634445
-0.277777777778 3.33333333333 0.0119971400953
-0.277777777778 3.61111111111 0.00999761674605
-0.277777777778 3.88888888889 0.00799809339684
-0.277777777778 4.16666666667 0.00599857004763
-0.277777777778 4.44444444444 0.00399904669842
-0.277777777778 4.72222222222 0.00199952334921
-1.33226762955e-15 -5 3.15040148442e-59
-1.33226762955e-15 -4.72222222222 3.06289033207e-59
-1.33226762955e-15 -4.44444444444 2.97537917973e-59
-1.33226762955e-15 -4.16666666667 2.88786802738e-59
-1.33226762955e-15 -3.88888888889 2.80035687504e-59
-1.33226762955e-15 -3.61111111111 2.71284572269e-59
-1.33226762955e-15 -3.33333333333 2.62533457035e-59
-1.33226762955e-15 -3.05555555556 2.537823418e-59
-1.33226762955e-15 -2.77777777778 2.45031226566e-59
-1.33226762955e-15 -2.5 2.36280111331e-59
-1.33226762955e-15 -2.22222222222 2.27528996097e-59
-1.33226762955e-15 -1.94444444444 2.18777880862e-59
-1.33226762955e-15 -1.66666666667 2.10026765628e-59
-1.33226762955e-15 -1.38888888889 2.01275650393e-59
-1.33226762955e-15 -1.11111111111 1.92524535159e-59
-1.33226762955e-15 -0.833333333333 1.83773419924e-59
-1.33226762955e-15 -0.555555555556 1.7502230469e-59
-1.33226762955e-15 -0.277777777778 1.66271189455e-59
-1.33226762955e-15 -1.33226762955e-15 1.57520074221e-59
-1.33226762955e-15 0.277777777778 1.48768958986e-59
-1.33226762955e-15 0.555555555556 1.40017843752e-59
-1.33226762955e-15 0.833333333333 1.31266728517e-59
-1.33226762955e-15 1.11111111111 1.22515613283e-59
-1.33226762955e-15 1.38888888889 1.13764498048e-59
-1.33226762955e-15 1.66666666667 1.05013382814e-59
-1.33226762955e-15 1.94444444444 9.62622675794e-60
-1.33226762955e-15 2.22222222222 8.75111523449e-60
-1.33226762955e-15 2.5 7.87600371104e-60
-1.33226762955e-15 2.77777777778 7.00089218759e-60
-1.33226762955e-15 3.05555555556 6.12578066414e-60
-1.33226762955e-15 3.33333333333 5.2506691407e-60
-1.33226762955e-15 3.61111111111 4.37555761725e-60
-1.33226762955e-15 3.88888888889 3.5004460938e-60
-1.33226762955e-15 4.16666666667 2.62533457035e-60
-1.33226762955e-15 4.44444444444 1.7502230469e-60
-1.33226762955e-15 4.72222222222 8.75111523449e-61
0.277777777778 -5 0.0413004010123
0.277777777778 -4.72222222222 0.0401531676509
0.277777777778 -4.44444444444 0.0390059342894
0.277777777778 -4.16666666667 0.037858700928
0.277777777778 -3.88888888889 0.0367114675665
0.277777777778 -3.61111111111 0.035564234205
0.277777777778 -3.33333333333 0.0344170008436
0.277777777778 -3.05555555556 0.0332697674821
0.277777777778 -2.77777777778 0.0321225341207
0.277777777778 -2.5 0.0309753007592
0.277777777778 -2.22222222222 0.0298280673978
0.277777777778 -1.94444444444 0.0286808340363
0.277777777778 -1.66666666667 0.0275336006749
0.277777777778 -1.38888888889 0.0263863673134
0.277777777778 -1.11111111111 0.025239133952
0.277777777778 -0.833333333333 0.0240919005905
0.277777777778 -0.555555555556 0.0229446672291
0.277777777778 -0.277777777778 0.0217974338676
0.277777777778 -1.33226762955e-15 0.0206502005062
0.277777777778 0.277777777778 0.0195029671447
0.277777777778 0.555555555556 0.0183557337833
0.277777777778 0.833333333333 0.0172085004218
0.277777777778 1.11111111111 0.0160612670603
0.277777777778 1.38888888889 0.0149140336989
0.277777777778 1.66666666667 0.0137668003374
0.277777777778 1.94444444444 0.012619566976
0.277777777778 2.22222222222 0.0114723336145
0.277777777778 2.5 0.0103251002531
0.277777777778 2.77777777778 0.00917786689163
0.277777777778 3.05555555556 0.00803063353017
0.277777777778 3.33333333333 0.00688340016872
0.277777777778 3.61111111111 0.00573616680727
0.277777777778 3.88888888889 0.00458893344581
0.277777777778 4.16666666667 0.00344170008436
0.277777777778 4.44444444444 0.00229446672291
0.277777777778 4.72222222222 0.00114723336145
0.555555555556 -5 0.396245841882
0.555555555556 -4.72222222222 0.385239012941
0.555555555556 -4.44444444444 0.374232184
0.555555555556 -4.16666666667 0.363225355059
0.555555555556 -3.88888888889 0.352218526118
0.555555555556 -3.61111111111 0.341211697177
0.555555555556 -3.33333333333 0.330204868235
0.555555555556 -3.05555555556 0.319198039294
0.555555555556 -2.77777777778 0.308191210353
0.555555555556 -2.5 0.297184381412
0.555555555556 -2.22222222222 0.286177552471
0.555555555556 -1.94444444444 0.27517072353
0.555555555556 -1.66666666667 0.264163894588
0.555555555556 -1.38888888889 0.253157065647
0.555555555556 -1.11111111111 0.242150236706
0.555555555556 -0.833333333333 0.231143407765
0.555555555556 -0.555555555556 0.220136578824
0.555555555556 -0.277777777778 0.209129749882
0.555555555556 -1.33226762955e-15 0.198122920941
0.555555555556 0.277777777778 0.187116092
0.555555555556 0.555555555556 0.176109263059
0.555555555556 0.833333333333 0.165102434118
0.555555555556 1.11111111111 0.154095605177
0.555555555556 1.38888888889 0.143088776235
0.555555555556 1.66666666667 0.132081947294
0.555555555556 1.94444444444 0.121075118353
0.555555555556 2.22222222222 0.110068289412
0.555555555556 2.5 0.0990614604706
0.555555555556 2.77777777778 0.0880546315294
0.555555555556 3.05555555556 0.0770478025883
0.555555555556 3.33333333333 0.0660409736471
0.555555555556 3.61111111111 0.0550341447059
0.555555555556 3.88888888889 0.0440273157647
0.555555555556 4.16666666667 0.0330204868235
0.555555555556 4.44444444444 0.0220136578824
0.555555555556 4.72222222222 0.0110068289412
0.833333333333 -5 1.1757890259
0.833333333333 -4.72222222222 1.14312821963
0.833333333333 -4.44444444444 1.11046741335
0.833333333333 -4.16666666667 1.07780660708
0.833333333333 -3.88888888889 1.0451458008
0.833333333333 -3.61111111111 1.01248499453
0.833333333333 -3.33333333333 0.979824188253
0.833333333333 -3.05555555556 0.947163381978
0.833333333333 -2.77777777778 0.914502575703
0.833333333333 -2.5 0.881841769428
0.833333333333 -2.22222222222 0.849180963153
0.833333333333 -1.94444444444 0.816520156878
0.833333333333 -1.66666666667 0.783859350603
0.833333333333 -1.38888888889 0.751198544327
0.833333333333 -1.11111111111 0.718537738052
0.833333333333 -0.833333333333 0.685876931777
0.833333333333 -0.555555555556 0.653216125502
0.833333333333 -0.277777777778 0.620555319227
0.833333333333 -1.33226762955e-15 0.587894512952
0.833333333333 0.277777777778 0.555233706677
0.833333333333 0.555555555556 0.522572900402
0.833333333333 0.833333333333 0.489912094127
0.833333333333 1.11111111111 0.457251287851
0.833333333333 1.38888888889 0.424590481576
0.833333333333 1.66666666667 0.391929675301
0.833333333333 1.94444444444 0.359268869026
0.833333333333 2.22222222222 0.326608062751
0.833333333333 2.5 0.293947256476
0.833333333333 2.77777777778 0.261286450201
0.833333333333 3.05555555556 0.228625643926
0.833333333333 3.33333333333 0.195964837651
0.833333333333 3.61111111111 0.163304031376
0.833333333333 3.88888888889 0.1306432251
0.833333333333 4.16666666667 0.0979824188253
0.833333333333 4.44444444444 0.0653216125502
0.833333333333 4.72222222222 0.0326608062751
1.11111111111 -5 2.60485826555
1.11111111111 -4.72222222222 2.53250109151
1.11111111111 -4.44444444444 2.46014391746
1.11111111111 -4.16666666667 2.38778674342
1.11111111111 -3.88888888889 2.31542956938
1.11111111111 -3.61111111111 2.24307239534
1.11111111111 -3.33333333333 2.17071522129
1.11111111111 -3.05555555556 2.09835804725
1.11111111111 -2.77777777778 2.02600087321
1.11111111111 -2.5 1.95364369916
1.11111111111 -2.22222222222 1.88128652512
1.11111111111 -1.94444444444 1.80892935108
1.11111111111 -1.66666666667 1.73657217703
1.11111111111 -1.38888888889 1.66421500299
1.11111111111 -1.11111111111 1.59185782895
1.11111111111 -0.833333333333 1.5195006549
1.11111111111 -0.555555555556 1.44714348086
1.11111111111 -0.277777777778 1.37478630682
1.11111111111 -1.33226762955e-15 1.30242913278
1.11111111111 0.277777777778 1.23007195873
1.11111111111 0.555555555556 1.15771478469
1.11111111111 0.833333333333 1.08535761065
1.11111111111 1.11111111111 1.0130004366
1.11111111111 1.38888888889 0.94064326256
1.11111111111 1.66666666667 0.868286088517
1.11111111111 1.94444444444 0.795928914474
1.11111111111 2.22222222222 0.723571740431
1.11111111111 2.5 0.651214566388
1.11111111111 2.77777777778 0.578857392345
1.11111111111 3.05555555556 0.506500218301
1.11111111111 3.33333333333 0.434143044258
1.11111111111 3.61111111111 0.361785870215
1.11111111111 3.88888888889 0.289428696172
1.11111111111 4.16666666667 0.217071522129
1.11111111111 4.44444444444 0.144714348086
1.11111111111 4.72222222222 0.0723571740431
1.38888888889 -5 5.42065698439
1.38888888889 -4.72222222222 5.27008317927
1.38888888889 -4.44444444444 5.11950937414
1.38888888889 -4.16666666667 4.96893556902
1.38888888889 -3.88888888889 4.8183617639
1.38888888889 -3.61111111111 4.66778795878
1.38888888889 -3.33333333333 4.51721415366
1.38888888889 -3.05555555556 4.36664034854
1.38888888889 -2.77777777778 4.21606654341
1.38888888889 -2.5 4.06549273829
1.38888888889 -2.22222222222 3.91491893317
1.38888888889 -1.94444444444 3.76434512805
1.38888888889 -1.66666666667 3.61377132293
1.38888888889 -1.38888888889 3.4631975178
1.38888888889 -1.11111111111 3.31262371268
1.38888888889 -0.833333333333 3.16204990756
1.38888888889 -0.555555555556 3.01147610244
1.38888888889 -0.277777777778 2.86090229732
1.38888888889 -1.33226762955e-15 2.71032849219
1.38888888889 0.277777777778 2.55975468707
1.38888888889 0.555555555556 2.40918088195
1.38888888889 0.833333333333 2.25860707683
1.38888888889 1.11111111111 2.10803327171
1.38888888889 1.38888888889 1.95745946658
1.38888888889 1.66666666667 1.80688566146
1.38888888889 1.94444444444 1.65631185634
1.38888888889 2.22222222222 1.50573805122
1.38888888889 2.5 1.3551642461
1.38888888889 2.77777777778 1.20459044098
1.38888888889 3.05555555556 1.05401663585
1.38888888889 3.33333333333 0.903442830731
1.38888888889 3.61111111111 0.75286902561
1.38888888889 3.88888888889 0.602295220488
1.38888888889 4.16666666667 0.451721415366
1.38888888889 4.44444444444 0.301147610244
1.38888888889 4.72222222222 0.150573805122
1.66666666667 -5 9.52963855141
1.66666666667 -4.72222222222 9.26492636942
1.66666666667 -4.44444444444 9.00021418744
1.66666666667 -4.16666666667 8.73550200546
1.66666666667 -3.88888888889 8.47078982347
1.66666666667 -3.61111111111 8.20607764149
1.66666666667 -3.33333333333 7.94136545951
1.66666666667 -3.05555555556 7.67665327752
1.66666666667 -2.77777777778 7.41194109554
1.66666666667 -2.5 7.14722891356
1.66666666667 -2.22222222222 6.88251673157
1.66666666667 -1.94444444444 6.61780454959
1.66666666667 -1.66666666667 6.3530923676
1.66666666667 -1.38888888889 6.08838018562
1.66666666667 -1.11111111111 5.82366800364
1.66666666667 -0.833333333333 5.55895582165
1.66666666667 -0.555555555556 5.29424363967
1.66666666667 -0.277777777778 5.02953145769
1.66666666667 -1.33226762955e-15 4.7648192757
1.66666666667 0.277777777778 4.50010709372
1.66666666667 0.555555555556 4.23539491174
1.66666666667 0.833333333333 3.97068272975
1.66666666667 1.11111111111 3.70597054777
1.66666666667 1.38888888889 3.44125836579
1.66666666667 1.66666666667 3.1765461838
1.66666666667 1.94444444444 2.91183400182
1.66666666667 2.22222222222 2.64712181984
1.66666666667 2.5 2.38240963785
1.66666666667 2.77777777778 2.11769745587
1.66666666667 3.05555555556 1.85298527388
1.66666666667 3.33333333333 1.5882730919
1.66666666667 3.61111111111 1.32356090992
1.66666666667 3.88888888889 1.05884872793
1.66666666667 4.16666666667 0.794136545951
1.66666666667 4.44444444444 0.529424363967
1.66666666667 4.72222222222 0.264712181984
1.94444444444 -5 12.8901346621
1.94444444444 -4.72222222222 12.5320753659
1.94444444444 -4.44444444444 12.1740160698
1.94444444444 -4.16666666667 11.8159567736
1.94444444444 -3.88888888889 11.4578974774
1.94444444444 -3.61111111111 11.0998381813
1.94444444444 -3.33333333333 10.7417788851
1.94444444444 -3.05555555556 10.3837195889
1.94444444444 -2.77777777778 10.0256602928
1.94444444444 -2.5 9.66760099659
1.94444444444 -2.22222222222 9.30954170042
1.94444444444 -1.94444444444 8.95148240425
1.94444444444 -1.66666666667 8.59342310808
1.94444444444 -1.38888888889 8.23536381191
1.94444444444 -1.11111111111 7.87730451574
1.94444444444 -0.833333333333 7.51924521957
1.94444444444 -0.555555555556 7.1611859234
1.94444444444 -0.277777777778 6.80312662723
1.94444444444 -1.33226762955e-15 6.44506733106
1.94444444444 0.277777777778 6.08700803489
1.94444444444 0.555555555556 5.72894873872
1.94444444444 0.833333333333 5.37088944255
1.94444444444 1.11111111111 5.01283014638
1.94444444444 1.38888888889 4.65477085021
1.94444444444 1.66666666667 4.29671155404
1.94444444444 1.94444444444 3.93865225787
1.94444444444 2.22222222222 3.5805929617
1.94444444444 2.5 3.22253366553
1.94444444444 2.77777777778 2.86447436936
1.94444444444 3.05555555556 2.50641507319
1.94444444444 3.33333333333 2.14835577702
1.94444444444 3.61111111111 1.79029648085
1.94444444444 3.88888888889 1.43223718468
1.94444444444 4.16666666667 1.07417788851
1.94444444444 4.44444444444 0.71611859234
1.94444444444 4.72222222222 0.35805929617
2.22222222222 -5 13.0829494144
2.22222222222 -4.72222222222 12.7195341529
2.22222222222 -4.44444444444 12.3561188914
2.22222222222 -4.16666666667 11.9927036299
2.22222222222 -3.88888888889 11.6292883684
2.22222222222 -3.61111111111 11.2658731069
2.22222222222 -3.33333333333 10.9024578454
2.22222222222 -3.05555555556 10.5390425838
2.22222222222 -2.77777777778 10.1756273223
2.22222222222 -2.5 9.81221206082
2.22222222222 -2.22222222222 9.4487967993
2.22222222222 -1.94444444444 9.08538153779
2.22222222222 -1.66666666667 8.72196627628
2.22222222222 -1.38888888889 8.35855101477
2.22222222222 -1.11111111111 7.99513575326
2.22222222222 -0.833333333333 7.63172049175
2.22222222222 -0.555555555556 7.26830523023
2.22222222222 -0.277777777778 6.90488996872
2.22222222222 -1.33226762955e-15 6.54147470721
2.22222222222 0.277777777778 6.1780594457
2.22222222222 0.555555555556 5.81464418419
2.22222222222 0.833333333333 5.45122892268
2.22222222222 1.11111111111 5.08781366116
2.22222222222 1.38888888889 4.72439839965
2.22222222222 1.66666666667 4.36098313814
2.22222222222 1.94444444444 3.99756787663
2.22222222222 2.22222222222 3.63415261512
2.22222222222 2.5 3.27073735361
2.22222222222 2.77777777778 2.90732209209
2.22222222222 3.05555555556 2.54390683058
2.22222222222 3.33333333333 2.18049156907
2.22222222222 3.61111111111 1.81707630756
2.22222222222 3.88888888889 1.45366104605
2.22222222222 4.16666666667 1.09024578454
2.22222222222 4.44444444444 0.726830523023
2.22222222222 4.72222222222 0.363415261512
2.5 -5 9.87842391397
2.5 -4.72222222222 9.60402324969
2.5 -4.44444444444 9.32962258542
2.5 -4.16666666667 9.05522192114
2.5 -3.88888888889 8.78082125686
2.5 -3.61111111111 8.50642059259
2.5 -3.33333333333 8.23201992831
2.5 -3.05555555556 7.95761926403
2.5 -2.77777777778 7.68321859975
2.5 -2.5 7.40881793548
2.5 -2.22222222222 7.1344172712
2.5 -1.94444444444 6.86001660692
2.5 -1.66666666667 6.58561594265
2.5 -1.38888888889 6.31121527837
2.5 -1.11111111111 6.03681461409
2.5 -0.833333333333 5.76241394982
2.5 -0.555555555556 5.48801328554
2.5 -0.277777777778 5.21361262126
2.5 -1.33226762955e-15 4.93921195699
2.5 0.277777777778 4.66481129271
2.5 0.555555555556 4.39041062843
2.5 0.833333333333 4.11600996415
2.5 1.11111111111 3.84160929988
2.5 1.38888888889 3.5672086356
2.5 1.66666666667 3.29280797132
2.5 1.94444444444 3.01840730705
2.5 2.22222222222 2.74400664277
2.5 2.5 2.46960597849
2.5 2.77777777778 2.19520531422
2.5 3.05555555556 1.92080464994
2.5 3.33333333333 1.64640398566
2.5 3.61111111111 1.37200332138
2.5 3.88888888889 1.09760265711
2.5 4.16666666667 0.823201992831
2.5 4.44444444444 0.548801328554
2.5 4.72222222222 0.274400664277
2.77777777778 -5 5.30332513186
2.77777777778 -4.72222222222 5.15601054487
2.77777777778 -4.44444444444 5.00869595787
2.77777777778 -4.16666666667 4.86138137087
2.77777777778 -3.88888888889 4.71406678388
2.77777777778 -3.61111111111 4.56675219688
2.77777777778 -3.33333333333 4.41943760988
2.77777777778 -3.05555555556 4.27212302289
2.77777777778 -2.77777777778 4.12480843589
2.77777777778 -2.5 3.9774938489
2.77777777778 -2.22222222222 3.8301792619
2.77777777778 -1.94444444444 3.6828646749
2.77777777778 -1.66666666667 3.53555008791
2.77777777778 -1.38888888889 3.38823550091
2.77777777778 -1.11111111111 3.24092091392
2.77777777778 -0.833333333333 3.09360632692
2.77777777778 -0.555555555556 2.94629173992
2.77777777778 -0.277777777778 2.79897715293
2.77777777778 -1.33226762955e-15 2.65166256593
2.77777777778 0.277777777778 2.50434797893
2.77777777778 0.555555555556 2.35703339194
2.77777777778 0.833333333333 2.20971880494
2.77777777778 1.11111111111 2.06240421795
2.77777777778 1.38888888889 1.91508963095
2.77777777778 1.66666666667 1.76777504395
2.77777777778 1.94444444444 1.62046045696
2.77777777778 2.22222222222 1.47314586996
2.77777777778 2.5 1.32583128297
2.77777777778 2.77777777778 1.17851669597
2.77777777778 3.05555555556 1.03120210897
2.77777777778 3.33333333333 0.883887521977
2.77777777778 3.61111111111 0.736572934981
2.77777777778 3.88888888889 0.589258347985
2.77777777778 4.16666666667 0.441943760988
2.77777777778 4.44444444444 0.294629173992
2.77777777778 4.72222222222 0.147314586996
3.05555555556 -5 1.1630350071
3.05555555556 -4.72222222222 1.13072847912
3.05555555556 -4.44444444444 1.09842195115
3.05555555556 -4.16666666667 1.06611542317
3.05555555556 -3.88888888889 1.0338088952
3.05555555556 -3.61111111111 1.00150236722
3.05555555556 -3.33333333333 0.969195839249
3.05555555556 -3.05555555556 0.936889311274
3.05555555556 -2.77777777778 0.904582783299
3.05555555556 -2.5 0.872276255324
3.05555555556 -2.22222222222 0.839969727349
3.05555555556 -1.94444444444 0.807663199374
3.05555555556 -1.66666666667 0.775356671399
3.05555555556 -1.38888888889 0.743050143424
3.05555555556 -1.11111111111 0.710743615449
3.05555555556 -0.833333333333 0.678437087474
3.05555555556 -0.555555555556 0.646130559499
3.05555555556 -0.277777777778 0.613824031524
3.05555555556 -1.33226762955e-15 0.581517503549
3.05555555556 0.277777777778 0.549210975575
3.05555555556 0.555555555556 0.5169044476
3.05555555556 0.833333333333 0.484597919625
3.05555555556 1.11111111111 0.45229139165
3.05555555556 1.38888888889 0.419984863675
3.05555555556 1.66666666667 0.3876783357
3.05555555556 1.94444444444 0.355371807725
3.05555555556 2.22222222222 0.32306527975
3.05555555556 2.5 0.290758751775
3.05555555556 2.77777777778 0.2584522238
3.05555555556 3.05555555556 0.226145695825
3.05555555556 3.33333333333 0.19383916785
3.05555555556 3.61111111111 0.161532639875
3.05555555556 3.88888888889 0.1292261119
3.05555555556 4.16666666667 0.0969195839249
3.05555555556 4.44444444444 0.0646130559499
3.05555555556 4.72222222222 0.032306527975
3.33333333333 -5 -2.6076609496
3.33333333333 -4.72222222222 -2.53522592322
3.33333333333 -4.44444444444 -2.46279089684
3.33333333333 -4.16666666667 -2.39035587046
3.33333333333 -3.88888888889 -2.31792084409
3.33333333333 -3.61111111111 -2.24548581771
3.33333333333 -3.33333333333 -2.17305079133
3.33333333333 -3.05555555556 -2.10061576495
3.33333333333 -2.77777777778 -2.02818073857
3.33333333333 -2.5 -1.9557457122
3.33333333333 -2.22222222222 -1.88331068582
3.33333333333 -1.94444444444 -1.81087565944
3.33333333333 -1.66666666667 -1.73844063306
3.33333333333 -1.38888888889 -1.66600560669
3.33333333333 -1.11111111111 -1.59357058031
3.33333333333 -0.833333333333 -1.52113555393
3.33333333333 -0.555555555556 -1.44870052755
3.33333333333 -0.277777777778 -1.37626550118
3.33333333333 -1.33226762955e-15 -1.3038304748
3.33333333333 0.277777777778 -1.23139544842
3.33333333333 0.555555555556 -1.15896042204
3.33333333333 0.833333333333 -1.08652539566
3.33333333333 1.11111111111 -1.01409036929
3.33333333333 1.38888888889 -0.94165534291
3.33333333333 1.66666666667 -0.869220316532
3.33333333333 1.94444444444 -0.796785290154
3.33333333333 2.22222222222 -0.724350263777
3.33333333333 2.5 -0.651915237399
3.33333333333 2.77777777778 -0.579480211021
3.33333333333 3.05555555556 -0.507045184644
3.33333333333 3.33333333333 -0.434610158266
3.33333333333 3.61111111111 -0.362175131888
3.33333333333 3.88888888889 -0.289740105511
3.33333333333 4.16666666667 -0.217305079133
3.33333333333 4.44444444444 -0.144870052755
3.33333333333 4.72222222222 -0.0724350263777
3.61111111111 -5 -6.8083020031
3.61111111111 -4.72222222222 -6.61918250301
3.61111111111 -4.44444444444 -6.43006300292
3.61111111111 -4.16666666667 -6.24094350284
3.61111111111 -3.88888888889 -6.05182400275
3.61111111111 -3.61111111111 -5.86270450267
3.61111111111 -3.33333333333 -5.67358500258
3.61111111111 -3.05555555556 -5.48446550249
3.61111111111 -2.77777777778 -5.29534600241
3.61111111111 -2.5 -5.10622650232
3.61111111111 -2.22222222222 -4.91710700224
3.61111111111 -1.94444444444 -4.72798750215
3.61111111111 -1.66666666667 -4.53886800206
3.61111111111 -1.38888888889 -4.34974850198
3.61111111111 -1.11111111111 -4.16062900189
3.61111111111 -0.833333333333 -3.97150950181
3.61111111111 -0.555555555556 -3.78239000172
3.61111111111 -0.277777777778 -3.59327050163
3.61111111111 -1.33226762955e-15 -3.40415100155
3.61111111111 0.277777777778 -3.21503150146
3.61111111111 0.555555555556 -3.02591200138
3.61111111111 0.833333333333 -2.83679250129
3.61111111111 1.11111111111 -2.6476730012
3.61111111111 1.38888888889 -2.45855350112
3.61111111111 1.66666666667 -2.26943400103
3.61111111111 1.94444444444 -2.08031450095
3.61111111111 2.22222222222 -1.89119500086
3.61111111111 2.5 -1.70207550077
3.61111111111 2.77777777778 -1.51295600069
3.61111111111 3.05555555556 -1.3238365006
3.61111111111 3.33333333333 -1.13471700052
3.61111111111 3.61111111111 -0.94559750043
3.61111111111 3.88888888889 -0.756478000344
3.61111111111 4.16666666667 -0.567358500258
3.61111111111 4.44444444444 -0.378239000172
3.61111111111 4.72222222222 -0.189119500086
3.88888888889 -5 -10.9540217385
3.88888888889 -4.72222222222 -10.6497433568
3.88888888889 -4.44444444444 -10.3454649752
3.88888888889 -4.16666666667 -10.0411865936
3.88888888889 -3.88888888889 -9.73690821196
3.88888888889 -3.61111111111 -9.43262983034
3.88888888889 -3.33333333333 -9.12835144872
3.88888888889 -3.05555555556 -8.82407306709
3.88888888889 -2.77777777778 -8.51979468547
3.88888888889 -2.5 -8.21551630384
3.88888888889 -2.22222222222 -7.91123792222
3.88888888889 -1.94444444444 -7.6069595406
3.88888888889 -1.66666666667 -7.30268115897
3.88888888889 -1.38888888889 -6.99840277735
3.88888888889 -1.11111111111 -6.69412439573
3.88888888889 -0.833333333333 -6.3898460141
3.88888888889 -0.555555555556 -6.08556763248
3.88888888889 -0.277777777778 -5.78128925085
3.88888888889 -1.33226762955e-15 -5.47701086923
3.88888888889 0.277777777778 -5.17273248761
3.88888888889 0.555555555556 -4.86845410598
3.88888888889 0.833333333333 -4.56417572436
3.88888888889 1.11111111111 -4.25989734273
3.88888888889 1.38888888889 -3.95561896111
3.88888888889 1.66666666667 -3.65134057949
3.88888888889 1.94444444444 -3.34706219786
3.88888888889 2.22222222222 -3.04278381624
3.88888888889 2.5 -2.73850543461
3.88888888889 2.77777777778 -2.43422705299
3.88888888889 3.05555555556 -2.12994867137
3.88888888889 3.33333333333 -1.82567028974
3.88888888889 3.61111111111 -1.52139190812
3.88888888889 3.88888888889 -1.2171135265
3.88888888889 4.16666666667 -0.912835144872
3.88888888889 4.44444444444 -0.608556763248
3.88888888889 4.72222222222 -0.304278381624
4.16666666667 -5 -13.2213647083
4.16666666667 -4.72222222222 -12.8541045775
4.16666666667 -4.44444444444 -12.4868444467
4.16666666667 -4.16666666667 -12.1195843159
4.16666666667 -3.88888888889 -11.7523241851
4.16666666667 -3.61111111111 -11.3850640544
4.16666666667 -3.33333333333 -11.0178039236
4.16666666667 -3.05555555556 -10.6505437928
4.16666666667 -2.77777777778 -10.283283662
4.16666666667 -2.5 -9.91602353121
4.16666666667 -2.22222222222 -9.54876340043
4.16666666667 -1.94444444444 -9.18150326964
4.16666666667 -1.66666666667 -8.81424313885
4.16666666667 -1.38888888889 -8.44698300807
4.16666666667 -1.11111111111 -8.07972287728
4.16666666667 -0.833333333333 -7.7124627465
4.16666666667 -0.555555555556 -7.34520261571
4.16666666667 -0.277777777778 -6.97794248493
4.16666666667 -1.33226762955e-15 -6.61068235414
4.16666666667 0.277777777778 -6.24342222335
4.16666666667 0.555555555556 -5.87616209257
4.16666666667 0.833333333333 -5.50890196178
4.16666666667 1.11111111111 -5.141641831
4.16666666667 1.38888888889 -4.77438170021
4.16666666667 1.66666666667 -4.40712156943
4.16666666667 1.94444444444 -4.03986143864
4.16666666667 2.22222222222 -3.67260130786
4.16666666667 2.5 -3.30534117707
4.16666666667 2.77777777778 -2.93808104628
4.16666666667 3.05555555556 -2.5708209155
4.16666666667 3.33333333333 -2.20356078471
4.16666666667 3.61111111111 -1.83630065393
4.16666666667 3.88888888889 -1.46904052314
4.16666666667 4.16666666667 -1.10178039236
4.16666666667 4.44444444444 -0.734520261571
4.16666666667 4.72222222222 -0.367260130786
4.44444444444 -5 -12.3896744735
4.44444444444 -4.72222222222 -12.0455168493
4.44444444444 -4.44444444444 -11.701359225
4.44444444444 -4.16666666667 -11.3572016007
4.44444444444 -3.88888888889 -11.0130439765
4.44444444444 -3.61111111111 -10.6688863522
4.44444444444 -3.33333333333 -10.3247287279
4.44444444444 -3.05555555556 -9.98057110368
4.44444444444 -2.77777777778 -9.63641347942
4.44444444444 -2.5 -9.29225585515
4.44444444444 -2.22222222222 -8.94809823089
4.44444444444 -1.94444444444 -8.60394060662
4.44444444444 -1.66666666667 -8.25978298236
4.44444444444 -1.38888888889 -7.91562535809
4.44444444444 -1.11111111111 -7.57146773383
4.44444444444 -0.833333333333 -7.22731010956
4.44444444444 -0.555555555556 -6.8831524853
4.44444444444 -0.277777777778 -6.53899486103
4.44444444444 -1.33226762955e-15 -6.19483723677
4.44444444444 0.277777777778 -5.8506796125
4.44444444444 0.555555555556 -5.50652198824
4.44444444444 0.833333333333 -5.16236436397
4.44444444444 1.11111111111 -4.81820673971
4.44444444444 1.38888888889 -4.47404911544
4.44444444444 1.66666666667 -4.12989149118
4.44444444444 1.94444444444 -3.78573386691
4.44444444444 2.22222222222 -3.44157624265
4.44444444444 2.5 -3.09741861838
4.44444444444 2.77777777778 -2.75326099412
4.44444444444 3.05555555556 -2.40910336985
4.44444444444 3.33333333333 -2.06494574559
4.44444444444 3.61111111111 -1.72078812132
4.44444444444 3.88888888889 -1.37663049706
4.44444444444 4.16666666667 -1.03247287279
4.44444444444 4.44444444444 -0.68831524853
4.44444444444 4.72222222222 -0.344157624265
4.72222222222 -5 -9.27453277202
4.72222222222 -4.72222222222 -9.01690686168
4.72222222222 -4.44444444444 -8.75928095135
4.72222222222 -4.16666666667 -8.50165504102
4.72222222222 -3.88888888889 -8.24402913068
4.72222222222 -3.61111111111 -7.98640322035
4.72222222222 -3.33333333333 -7.72877731001
4.72222222222 -3.05555555556 -7.47115139968
4.72222222222 -2.77777777778 -7.21352548935
4.72222222222 -2.5 -6.95589957901
4.72222222222 -2.22222222222 -6.69827366868
4.72222222222 -1.94444444444 -6.44064775835
4.72222222222 -1.66666666667 -6.18302184801
4.72222222222 -1.38888888889 -5.92539593768
4.72222222222 -1.11111111111 -5.66777002734
4.72222222222 -0.833333333333 -5.41014411701
4.72222222222 -0.555555555556 -5.15251820668
4.72222222222 -0.277777777778 -4.89489229634
4.72222222222 -1.33226762955e-15 -4.63726638601
4.72222222222 0.277777777778 -4.37964047567
4.72222222222 0.555555555556 -4.12201456534
4.72222222222 0.833333333333 -3.86438865501
4.72222222222 1.11111111111 -3.60676274467
4.72222222222 1.38888888889 -3.34913683434
4.72222222222 1.66666666667 -3.09151092401
4.72222222222 1.94444444444 -2.83388501367
4.72222222222 2.22222222222 -2.57625910334
4.72222222222 2.5 -2.318633193
4.72222222222 2.77777777778 -2.06100728267
4.72222222222 3.05555555556 -1.80338137234
4.72222222222 3.33333333333 -1.545755462
4.72222222222 3.61111111111 -1.28812955167
4.72222222222 3.88888888889 -1.03050364134
4.72222222222 4.16666666667 -0.772877731001
4.72222222222 4.44444444444 -0.515251820668
4.72222222222 4.72222222222 -0.257625910334

1
4 4
10 11 12 13 14 15 16 17