0.46203446388244629000000000000000 10.85261178016662600000000000000000 19.72012805938720700000000000000000
0.46002697944641113000000000000000 11.10663676261901900000000000000000 19.88713788986206100000000000000000
0.46602153778076172000000000000000 10.52660441398620600000000000000000 20.43316817283630400000000000000000
0.45502519607543945000000000000000 10.29458928108215300000000000000000 20.80718994140625000000000000000000
0.46480441093444824000000000000000 11.26337385177612300000000000000000 20.51592016220092800000000000000000
0.63720870018005371000000000000000 10.07236289978027300000000000000000 20.32050490379333500000000000000000
0.48440647125244141000000000000000 11.15656852722168000000000000000000 20.06849789619445800000000000000000
0.51420402526855469000000000000000 10.46795558929443400000000000000000 19.67768692970275900000000000000000
0.32440233230590820000000000000000 11.14037489891052200000000000000000 19.89470887184143100000000000000000
0.44802212715148926000000000000000 10.94562840461731000000000000000000 19.82213306427002000000000000000000
