0.44802236557006836000000000000000 190.50189876556396000000000000000000 200.83148717880249000000000000000000
0.47402787208557129000000000000000 227.15999197959900000000000000000000 237.42357993125916000000000000000000
0.43702077865600586000000000000000 197.84231805801392000000000000000000 209.24596786499023000000000000000000
0.47502732276916504000000000000000 274.32068824768066000000000000000000 286.72539997100830000000000000000000
0.41902613639831543000000000000000 201.42553257942200000000000000000000 220.42244887351990000000000000000000
0.46042156219482422000000000000000 199.45460271835327000000000000000000 217.40689992904663000000000000000000
0.39681959152221680000000000000000 220.18227791786194000000000000000000 230.63747000694275000000000000000000
0.39622378349304199000000000000000 212.40311193466187000000000000000000 225.22952795028687000000000000000000
0.41541528701782227000000000000000 218.52078008651733000000000000000000 240.15553498268127000000000000000000
0.43603396415710449000000000000000 183.92250967025757000000000000000000 194.13210296630859000000000000000000
