0.45802688598632813000000000000000 11.58466386795043900000000000000000 20.53817391395568800000000000000000
0.46102643013000488000000000000000 10.90462446212768600000000000000000 19.71812796592712400000000000000000
0.46202826499938965000000000000000 10.29458808898925800000000000000000 20.23715710639953600000000000000000
0.45802927017211914000000000000000 10.80961418151855500000000000000000 21.24421501159668000000000000000000
0.47940206527709961000000000000000 10.15635108947753900000000000000000 19.57609987258911100000000000000000
0.37720227241516113000000000000000 11.44577455520629900000000000000000 21.51054596900939900000000000000000
0.40340757369995117000000000000000 9.44134855270385740000000000000000 18.24728703498840300000000000000000
0.40820431709289551000000000000000 11.04876899719238300000000000000000 20.34751009941101100000000000000000
0.46820998191833496000000000000000 10.32036352157592800000000000000000 19.22631692886352500000000000000000
0.46803522109985352000000000000000 10.32758426666259800000000000000000 19.18009686470031700000000000000000
