0.46902108192443848000000000000000 10.15658640861511200000000000000000 19.00408697128295900000000000000000
0.47703456878662109000000000000000 11.07962441444397000000000000000000 19.94214010238647500000000000000000
0.46802043914794922000000000000000 11.03263664245605500000000000000000 21.02220296859741200000000000000000
0.46102404594421387000000000000000 10.77261877059936500000000000000000 21.24921512603759800000000000000000
0.45580601692199707000000000000000 10.69115567207336400000000000000000 20.65031194686889600000000000000000
0.40840506553649902000000000000000 8.51473164558410640000000000000000 18.46547985076904300000000000000000
0.35560226440429688000000000000000 11.29098033905029300000000000000000 20.10770797729492200000000000000000
0.44960689544677734000000000000000 9.73875308036804200000000000000000 18.84929084777832000000000000000000
0.39080882072448730000000000000000 9.83935070037841800000000000000000 18.65889692306518600000000000000000
0.45902800559997559000000000000000 11.39864659309387200000000000000000 20.66718196868896500000000000000000
