0.47403097152709961000000000000000 8.65449261665344240000000000000000 18.28304481506347700000000000000000
0.46503233909606934000000000000000 10.89861917495727500000000000000000 20.49517202377319300000000000000000
0.49303078651428223000000000000000 10.32358837127685500000000000000000 21.01020097732543900000000000000000
0.47803640365600586000000000000000 10.18157219886779800000000000000000 21.40722489356994600000000000000000
0.49701046943664551000000000000000 10.71955823898315400000000000000000 22.34734010696411100000000000000000
0.41080951690673828000000000000000 8.76253771781921390000000000000000 19.31130409240722700000000000000000
0.51460886001586914000000000000000 12.01138663291931200000000000000000 21.59553790092468300000000000000000
0.52760672569274902000000000000000 10.80217957496643100000000000000000 20.80475211143493700000000000000000
0.36820578575134277000000000000000 10.52335190773010300000000000000000 19.97330307960510300000000000000000
0.46602368354797363000000000000000 10.65260839462280300000000000000000 23.75535821914672900000000000000000
