0.49702596664428711000000000000000 323.21648859977722000000000000000000 333.30206394195557000000000000000000
0.50302243232727051000000000000000 307.23457503318787000000000000000000 317.49015903472900000000000000000000
0.44301795959472656000000000000000 264.47513055801392000000000000000000 275.83777713775635000000000000000000
0.47102308273315430000000000000000 334.50613713264465000000000000000000 346.46281695365906000000000000000000
0.42963075637817383000000000000000 246.24968957901001000000000000000000 259.00632691383362000000000000000000
0.46361279487609863000000000000000 304.54371976852417000000000000000000 316.16910600662231000000000000000000
0.44722270965576172000000000000000 340.66757631301880000000000000000000 352.96178817749023000000000000000000
0.45382952690124512000000000000000 297.16400408744812000000000000000000 307.99519515037537000000000000000000
0.44682121276855469000000000000000 246.07365250587463000000000000000000 258.73949599266052000000000000000000
0.37902545928955078000000000000000 193.34205627441406000000000000000000 203.01661181449890000000000000000000
