0.42602944374084473000000000000000 208.32791471481323000000000000000000 221.91469287872314000000000000000000
0.46203160285949707000000000000000 369.35012364387512000000000000000000 390.61334204673767000000000000000000
0.45303392410278320000000000000000 269.11537551879883000000000000000000 280.51304483413696000000000000000000
0.42100763320922852000000000000000 259.06983685493469000000000000000000 270.98149919509888000000000000000000
0.43501806259155273000000000000000 233.69474697113037000000000000000000 249.98423910140991000000000000000000
0.40842294692993164000000000000000 295.43611145019531000000000000000000 307.21052598953247000000000000000000
0.50522089004516602000000000000000 256.78380155563354000000000000000000 268.04658794403076000000000000000000
0.47101998329162598000000000000000 269.58130478858948000000000000000000 280.40828204154968000000000000000000
0.42922163009643555000000000000000 224.49523878097534000000000000000000 241.51633000373840000000000000000000
0.45403313636779785000000000000000 266.24622416496277000000000000000000 276.48981404304504000000000000000000
