0.44202423095703125000000000000000 256.49767541885376000000000000000000 266.82026100158691000000000000000000
0.42901635169982910000000000000000 287.31044197082520000000000000000000 297.45301413536072000000000000000000
0.45902562141418457000000000000000 284.55728197097778000000000000000000 295.97392892837524000000000000000000
0.49702882766723633000000000000000 353.40821647644043000000000000000000 365.39890003204346000000000000000000
0.46622157096862793000000000000000 302.35473084449768000000000000000000 316.50178909301758000000000000000000
0.44521522521972656000000000000000 204.92497777938843000000000000000000 216.52697896957397000000000000000000
0.41023159027099609000000000000000 340.46114253997803000000000000000000 350.98374509811401000000000000000000
0.42122983932495117000000000000000 198.34295582771301000000000000000000 220.78151798248291000000000000000000
0.43802547454833984000000000000000 225.80985426902771000000000000000000 247.73823213577271000000000000000000
0.46001815795898438000000000000000 264.31411933898926000000000000000000 285.79534602165222000000000000000000
