	-0.914	1	0	0	0	0	0	0	0.016	0	0	0	0	0	0	0	-0.305	0	0	0	0	0	0	-0.424	0	0	0	0	0	0
	0	-0.914	1	0	0	0	0	0	0	0.016	0	0	0	0	0	0	0	-0.305	0	0	0	0	0	0	-0.424	0	0	0	0	0
	0	0	-0.914	1	0	0	0	0	0	0	0.016	0	0	0	0	0	0	0	-0.305	0	0	0	0	0	0	-0.424	0	0	0	0
	0	0	0	-0.914	1	0	0	0	0	0	0	0.016	0	0	0	0	0	0	0	-0.305	0	0	0	0	0	0	-0.424	0	0	0
	0	0	0	0	-0.914	1	0	0	0	0	0	0	0.016	0	0	0	0	0	0	0	-0.305	0	0	0	0	0	0	-0.424	0	0
	0	0	0	0	0	-0.914	1	0	0	0	0	0	0	0.016	0	0	0	0	0	0	0	-0.305	0	0	0	0	0	0	-0.424	0	
	0	0	0	0	0	0	-0.914	1	0	0	0	0	0	0	0.016	0	0	0	0	0	0	0	-0.305	0	0	0	0	0	0	-0.424
	-0.097  0	0	0	0	0	0	0	-0.424	1	0	0	0	0	0	0	0.101	0	0	0	0	0	0	-1.459 	0	0	0	0	0	0 
	0	-0.097  0	0	0	0	0	0	0	-0.424	1	0	0	0	0	0	0	0.101	0	0	0	0	0	0	-1.459 	0	0	0	0	0
	0	0	-0.097  0	0	0	0	0	0	0	-0.424	1	0	0	0	0	0	0	0.101	0	0	0	0	0	0	-1.459 	0	0	0	0
	0	0	0	-0.097  0	0	0	0	0	0	0	-0.424	1	0	0	0	0	0	0	0.101	0	0	0	0	0	0	-1.459 	0	0	0
	0	0	0	0	-0.097  0	0	0	0	0	0	0	-0.424	1	0	0	0	0	0	0	0.101	0	0	0	0	0	0	-1.459 	0	0
	0	0	0	0	0	-0.097  0	0	0	0	0	0	0	-0.424	1	0	0	0	0	0	0	0.101	0	0	0	0	0	0	-1.459 	0
	0	0	0	0	0	0	-0.097  0	0	0	0	0	0	0	-0.424	1	0	0	0	0	0	0	0.101	0	0	0	0	0	0	-1.459 
-59.4 
-59.4
-59.4
-59.4
-59.4
-59.4
-59.4
-184.7
-184.7
-184.7
-184.7
-184.7
-184.7
-184.7