 0.22   0.20   0.19   0.25   0.15  0.11    0.12   0.13   1 0 0 0 0 0 0 0
-1.46   0     -1.3    1.82  -1.15    0     0.8    0      0 1 0 0 0 0 0 0
 1.29  -0.89   0      0     -1.16  -0.96   0     -0.49   0 0 1 0 0 0 0 0
-1.10  -1.06   0.95  -0.54   0     -1.78  -0.41   0      0 0 0 1 0 0 0 0
 0      0      0     -1.43   1.51   0.59  -0.33  -0.43   0 0 0 0 1 0 0 0
 0     -1.72  -0.33   0      1.62   1.24   0.21  -0.26   0 0 0 0 0 1 0 0 
 1.12   0      0      0.31   0      0      1.12   0      -0.36 0 0 0 0 0 1 0
 0      0.45   0.26  -1.10   0.58   0     -1.03   0.10   0 0 0 0 0 0 0 1 
2.5
1.1
-3.1
-3.5
1.3
2.1
2.3
-1.5
1 0 0 1 0 0 1 1 0 0 0 0 0 0 0 1
0 1 1 0 0 0 1 0 0 1 0 0 0 0 0 0
0 0 1 0 0 0 1 0 1 1 0 0 0 1 0 0
0 0 0 1 0 0 1 0 0 0 1 0 0 0 1 0
0 0 0 0 1 1 0 0 0 1 0 1 0 0 0 1
0 0 0 0 0 1 0 1 0 0 0 0 0 0 1 0
0 0 0 0 0 0 1 0 0 0 1 0 1 0 0 0
0 0 0 0 0 0 0 1 0 1 0 0 0 0 1 0
0 0 0 0 0 0 0 0 1 0 0 1 0 0 0 1
0 0 0 0 0 0 0 0 0 1 0 0 0 1 0 0
0 0 0 0 0 0 0 0 0 0 1 0 1 0 0 0
0 0 0 0 0 0 0 0 0 0 0 1 0 1 0 0
0 0 0 0 0 0 0 0 0 0 0 0 1 1 0 0
0 0 0 0 0 0 0 0 0 0 0 0 0 1 0 0
0 0 0 0 0 0 0 0 0 0 0 0 0 0 1 0
0 0 0 0 0 0 0 0 0 0 0 0 0 0 0 1
 -0.6872   -0.1709   -0.3950    0.0921    0.1098   -0.1520   -0.4066   -0.7748
   -1.4646   -0.2743   -0.0972    0.0636   -0.5811    0.4193    0.0977   -0.0269
   -0.9177    1.0584    0.2667    0.0229   -0.1635    0.3606    1.1910    2.1770
   -3.6712   -0.5915   -0.5839   -0.0927   -0.3762   -0.0963    0.4963   -0.1888
   -2.4917   -0.8132   -0.3368   -0.3357   -0.5541   -0.2427   -0.4786   -1.2008
    1.4544    0.9362    0.4933    0.5227    0.3064    0.0247    0.8218    1.5235
    2.0247    0.3347    0.5566   -0.0664   -0.0057    0.1786   -0.6237    0.8271
    3.9006    0.1391    1.0085   -0.1024    2.0560   -0.6354   -1.7250   -2.1330
    1.0000         0         0         0         0         0         0         0
         0    1.0000         0         0         0         0         0         0
         0         0    1.0000         0         0         0         0         0
         0         0         0    1.0000         0         0         0         0
         0         0         0         0    1.0000         0         0         0
         0         0         0         0         0    1.0000         0         0
         0         0         0         0         0         0    1.0000         0
         0         0         0         0         0         0         0    1.0000
