6	1	100
x1	x2	x3	x4	x7	x8	f
0.0190476190476190	0.3000000000000000	0.0400000000000000	2.0000000000000000	0.0723641363340329	0.0723641363340329	0.0012500000000000
0.0190476190476190	0.3000000000000000	0.0600000000000000	2.0000000000000000	0.1029795413977760	0.0465813193382347	0.0019500000000000
0.0190476190476190	0.3000000000000000	0.0800000000000000	2.0000000000000000	0.1245330012453300	0.0393383293011546	0.0052800000000000
0.0190476190476190	0.3000000000000000	0.1000000000000000	2.0000000000000000	0.1439490995983820	0.0367217738085620	0.0100200000000000
0.0190476190476190	0.3000000000000000	0.1200000000000000	2.0000000000000000	0.1590562661541520	0.0352749239384453	0.0144300000000000
0.0156862745098039	0.3000000000000000	0.0400000000000000	2.0000000000000000	0.0730220161378656	0.0730220161378656	0.0014000000000000
0.0156862745098039	0.3000000000000000	0.0600000000000000	2.0000000000000000	0.1029795413977760	0.0466595640441399	0.0023300000000000
0.0156862745098039	0.3000000000000000	0.0800000000000000	2.0000000000000000	0.1245330012453300	0.0387058692612501	0.0060700000000000
0.0156862745098039	0.3000000000000000	0.1000000000000000	2.0000000000000000	0.1424176825794690	0.0356479550550583	0.0102600000000000
0.0156862745098039	0.3000000000000000	0.1200000000000000	2.0000000000000000	0.1585330409279470	0.0344568169941021	0.0138300000000000
0.0133333333333333	0.3000000000000000	0.0400000000000000	2.0000000000000000	0.0743743259826708	0.0743743259826708	0.0013000000000000
0.0133333333333333	0.3000000000000000	0.0600000000000000	2.0000000000000000	0.1029795413977760	0.0473858790080556	0.0027100000000000
0.0133333333333333	0.3000000000000000	0.0800000000000000	2.0000000000000000	0.1245330012453300	0.0387058692612501	0.0065400000000000
0.0133333333333333	0.3000000000000000	0.1000000000000000	2.0000000000000000	0.1424176825794690	0.0351759677788135	0.0100400000000000
0.0133333333333333	0.3000000000000000	0.1200000000000000	2.0000000000000000	0.1574968500629990	0.0337278555548373	0.0128800000000000
0.0242424242424242	0.4000000000000000	0.0400000000000000	2.0000000000000000	0.0754218912039220	0.0754218912039220	0.0011400000000000
0.0242424242424242	0.4000000000000000	0.0600000000000000	2.0000000000000000	0.1056896248018320	0.0502516771497249	0.0017500000000000
0.0242424242424242	0.4000000000000000	0.0800000000000000	2.0000000000000000	0.1274981672138460	0.0427359558964935	0.0048000000000000
0.0242424242424242	0.4000000000000000	0.1000000000000000	2.0000000000000000	0.1455138092604990	0.0397880094854615	0.0091600000000000
0.0242424242424242	0.4000000000000000	0.1200000000000000	2.0000000000000000	0.1622696109586080	0.0388169876076767	0.0149000000000000
0.0190476190476190	0.4000000000000000	0.0400000000000000	2.0000000000000000	0.0764993880048960	0.0764993880048960	0.0011900000000000
0.0190476190476190	0.4000000000000000	0.0600000000000000	2.0000000000000000	0.1056896248018320	0.0496495568777049	0.0018000000000000
0.0190476190476190	0.4000000000000000	0.0800000000000000	2.0000000000000000	0.1274981672138460	0.0414402561007827	0.0055600000000000
0.0190476190476190	0.4000000000000000	0.1000000000000000	2.0000000000000000	0.1455138092604990	0.0384133740002919	0.0100200000000000
0.0190476190476190	0.4000000000000000	0.1200000000000000	2.0000000000000000	0.1622696109586080	0.0373181904409455	0.0147800000000000
0.0156862745098039	0.4000000000000000	0.0400000000000000	2.0000000000000000	0.0776081178091228	0.0776081178091228	0.0010900000000000
0.0156862745098039	0.4000000000000000	0.0600000000000000	2.0000000000000000	0.1056896248018320	0.0499488024774606	0.0020600000000000
0.0156862745098039	0.4000000000000000	0.0800000000000000	2.0000000000000000	0.1274981672138460	0.0414402561007827	0.0062700000000000
0.0156862745098039	0.4000000000000000	0.1000000000000000	2.0000000000000000	0.1455138092604990	0.0375485314769339	0.0102500000000000
0.0156862745098039	0.4000000000000000	0.1200000000000000	2.0000000000000000	0.1606468714021790	0.0359307255611182	0.0140100000000000
0.0133333333333333	0.4000000000000000	0.0400000000000000	2.0000000000000000	0.0787494585974721	0.0787494585974721	0.0009700000000000
0.0133333333333333	0.4000000000000000	0.0600000000000000	2.0000000000000000	0.1070988701069200	0.0508681497558329	0.0025400000000000
0.0133333333333333	0.4000000000000000	0.0800000000000000	2.0000000000000000	0.1274981672138460	0.0414402561007827	0.0067100000000000
0.0133333333333333	0.4000000000000000	0.1000000000000000	2.0000000000000000	0.1455138092604990	0.0375485314769339	0.0101100000000000
0.0133333333333333	0.4000000000000000	0.1200000000000000	2.0000000000000000	0.1606468714021790	0.0359307255611182	0.0132300000000000
0.0242424242424242	0.5000000000000000	0.0400000000000000	2.0000000000000000	0.0787494585974721	0.0787494585974721	0.0011500000000000
0.0242424242424242	0.5000000000000000	0.0600000000000000	2.0000000000000000	0.1070988701069200	0.0521476125084740	0.0016400000000000
0.0242424242424242	0.5000000000000000	0.0800000000000000	2.0000000000000000	0.1290343392635360	0.0437622397514305	0.0047300000000000
0.0242424242424242	0.5000000000000000	0.1000000000000000	2.0000000000000000	0.1471129091577790	0.0407604265171031	0.0090800000000000
0.0242424242424242	0.5000000000000000	0.1200000000000000	2.0000000000000000	0.1639254685536310	0.0396125888807463	0.0146000000000000
0.0190476190476190	0.5000000000000000	0.0400000000000000	2.0000000000000000	0.0799248706216157	0.0799248706216157	0.0010700000000000
0.0190476190476190	0.5000000000000000	0.0600000000000000	2.0000000000000000	0.1070988701069200	0.0518219742444788	0.0015100000000000
0.0190476190476190	0.5000000000000000	0.0800000000000000	2.0000000000000000	0.1290343392635360	0.0430728145930696	0.0056400000000000
0.0190476190476190	0.5000000000000000	0.1000000000000000	2.0000000000000000	0.1471129091577790	0.0397880094854615	0.0102000000000000
0.0190476190476190	0.5000000000000000	0.1200000000000000	2.0000000000000000	0.1639254685536310	0.0380528363632904	0.0149000000000000
0.0156862745098039	0.5000000000000000	0.0400000000000000	2.0000000000000000	0.0811359026369168	0.0811359026369168	0.0009500000000000
0.0156862745098039	0.5000000000000000	0.0600000000000000	2.0000000000000000	0.1085462045010490	0.0524778281176203	0.0018900000000000
0.0156862745098039	0.5000000000000000	0.0800000000000000	2.0000000000000000	0.1306079801475870	0.0430728145930696	0.0060800000000000
0.0156862745098039	0.5000000000000000	0.1000000000000000	2.0000000000000000	0.1471129091577790	0.0393189950064876	0.0105800000000000
0.0156862745098039	0.5000000000000000	0.1200000000000000	2.0000000000000000	0.1639254685536310	0.0373181904409455	0.0142600000000000
0.0133333333333333	0.5000000000000000	0.0400000000000000	2.0000000000000000	0.0823841987106873	0.0823841987106873	0.0008500000000000
0.0133333333333333	0.5000000000000000	0.0600000000000000	2.0000000000000000	0.1100331933466600	0.0534935763130444	0.0023600000000000
0.0133333333333333	0.5000000000000000	0.0800000000000000	2.0000000000000000	0.1306079801475870	0.0434147903336969	0.0066700000000000
0.0133333333333333	0.5000000000000000	0.1000000000000000	2.0000000000000000	0.1471129091577790	0.0393189950064876	0.0103600000000000
0.0133333333333333	0.5000000000000000	0.1200000000000000	2.0000000000000000	0.1639254685536310	0.0373181904409455	0.0134600000000000
0.0242424242424242	0.6000000000000000	0.0400000000000000	2.0000000000000000	0.0799248706216157	0.0799248706216157	0.0011700000000000
0.0242424242424242	0.6000000000000000	0.0600000000000000	2.0000000000000000	0.1085462045010490	0.0534935763130444	0.0016200000000000
0.0242424242424242	0.6000000000000000	0.0800000000000000	2.0000000000000000	0.1306079801475870	0.0444743410848404	0.0045500000000000
0.0242424242424242	0.6000000000000000	0.1000000000000000	2.0000000000000000	0.1487475456654970	0.0412646799098779	0.0093200000000000
0.0242424242424242	0.6000000000000000	0.1200000000000000	2.0000000000000000	0.1639254685536310	0.0396125888807463	0.0145700000000000
0.0190476190476190	0.6000000000000000	0.0400000000000000	2.0000000000000000	0.0823841987106873	0.0823841987106873	0.0010600000000000
0.0190476190476190	0.6000000000000000	0.0600000000000000	2.0000000000000000	0.1100331933466600	0.0538411148700186	0.0014400000000000
0.0190476190476190	0.6000000000000000	0.0800000000000000	2.0000000000000000	0.1306079801475870	0.0444743410848404	0.0054300000000000
0.0190476190476190	0.6000000000000000	0.1000000000000000	2.0000000000000000	0.1487475456654970	0.0402683482728905	0.0100700000000000
0.0190476190476190	0.6000000000000000	0.1200000000000000	2.0000000000000000	0.1656154684847560	0.0388169876076767	0.0144000000000000
0.0156862745098039	0.6000000000000000	0.0400000000000000	2.0000000000000000	0.0836715056687445	0.0836715056687445	0.0009400000000000
0.0156862745098039	0.6000000000000000	0.0600000000000000	2.0000000000000000	0.1100331933466600	0.0545494217761292	0.0016800000000000
0.0156862745098039	0.6000000000000000	0.0800000000000000	2.0000000000000000	0.1322204776464750	0.0444743410848404	0.0063700000000000
0.0156862745098039	0.6000000000000000	0.1000000000000000	2.0000000000000000	0.1487475456654970	0.0402683482728905	0.0099100000000000
0.0156862745098039	0.6000000000000000	0.1200000000000000	2.0000000000000000	0.1656154684847560	0.0380528363632904	0.0136700000000000
0.0133333333333333	0.6000000000000000	0.0400000000000000	2.0000000000000000	0.0849996812511953	0.0849996812511953	0.0008600000000000
0.0133333333333333	0.6000000000000000	0.0600000000000000	2.0000000000000000	0.1115614889740060	0.0556477866092876	0.0023800000000000
0.0133333333333333	0.6000000000000000	0.0800000000000000	2.0000000000000000	0.1322204776464750	0.0448390278898754	0.0066700000000000
0.0133333333333333	0.6000000000000000	0.1000000000000000	2.0000000000000000	0.1504189166829620	0.0402683482728905	0.0098800000000000
0.0133333333333333	0.6000000000000000	0.1200000000000000	2.0000000000000000	0.1656154684847560	0.0380528363632904	0.0130500000000000
0.0242424242424242	0.7200000000000000	0.0400000000000000	2.0000000000000000	0.0823841987106873	0.0823841987106873	0.0013300000000000
0.0242424242424242	0.7200000000000000	0.0600000000000000	2.0000000000000000	0.1100331933466600	0.0552766133861532	0.0017300000000000
0.0242424242424242	0.7200000000000000	0.0800000000000000	2.0000000000000000	0.1306079801475870	0.0448390278898754	0.0040700000000000
0.0242424242424242	0.7200000000000000	0.1000000000000000	2.0000000000000000	0.1487475456654970	0.0412646799098779	0.0096300000000000
0.0242424242424242	0.7200000000000000	0.1200000000000000	2.0000000000000000	0.1656154684847560	0.0396125888807463	0.0143300000000000
0.0190476190476190	0.7200000000000000	0.0400000000000000	2.0000000000000000	0.0849996812511953	0.0849996812511953	0.0011200000000000
0.0190476190476190	0.7200000000000000	0.0600000000000000	2.0000000000000000	0.1115614889740060	0.0560234551532241	0.0015100000000000
0.0190476190476190	0.7200000000000000	0.0800000000000000	2.0000000000000000	0.1322204776464750	0.0452100004521000	0.0053000000000000
0.0190476190476190	0.7200000000000000	0.1000000000000000	2.0000000000000000	0.1504189166829620	0.0407604265171031	0.0099200000000000
0.0190476190476190	0.7200000000000000	0.1200000000000000	2.0000000000000000	0.1673406777297450	0.0388169876076767	0.0138300000000000
0.0156862745098039	0.7200000000000000	0.0400000000000000	2.0000000000000000	0.0863688381232051	0.0863688381232051	0.0010300000000000
0.0156862745098039	0.7200000000000000	0.0600000000000000	2.0000000000000000	0.1131328368058830	0.0567912920018930	0.0014700000000000
0.0156862745098039	0.7200000000000000	0.0800000000000000	2.0000000000000000	0.1338732889320260	0.0455869028828018	0.0060900000000000
0.0156862745098039	0.7200000000000000	0.1000000000000000	2.0000000000000000	0.1521282745611100	0.0407604265171031	0.0100900000000000
0.0156862745098039	0.7200000000000000	0.1200000000000000	2.0000000000000000	0.1673406777297450	0.0388169876076767	0.0133300000000000
0.0133333333333333	0.7200000000000000	0.0400000000000000	2.0000000000000000	0.0892478636292644	0.0892478636292644	0.0009700000000000
0.0133333333333333	0.7200000000000000	0.0600000000000000	2.0000000000000000	0.1147490820073440	0.0579827791146030	0.0023000000000000
0.0133333333333333	0.7200000000000000	0.0800000000000000	2.0000000000000000	0.1338732889320260	0.0459701423925161	0.0061100000000000
0.0133333333333333	0.7200000000000000	0.1000000000000000	2.0000000000000000	0.1521282745611100	0.0412646799098779	0.0096600000000000
0.0133333333333333	0.7200000000000000	0.1200000000000000	2.0000000000000000	0.1673406777297450	0.0388169876076767	0.0124500000000000
0.0242424242424242	0.3000000000000000	0.0400000000000000	2.5000000000000000	0.0647406328396860	0.0647406328396860	0.0004000000000000
0.0242424242424242	0.3000000000000000	0.0600000000000000	2.5000000000000000	0.0926454920247672	0.0431514977165666	0.0007600000000000
0.0242424242424242	0.3000000000000000	0.0800000000000000	2.5000000000000000	0.1131253711926240	0.0376530833168601	0.0021900000000000
0.0242424242424242	0.3000000000000000	0.1000000000000000	2.5000000000000000	0.1304223074314630	0.0357946959419553	0.0048300000000000
0.0242424242424242	0.3000000000000000	0.1200000000000000	2.5000000000000000	0.1452274625131610	0.0354756696032638	0.0081800000000000
0.0190476190476190	0.3000000000000000	0.0400000000000000	2.5000000000000000	0.0639692947385255	0.0639692947385255	0.0004100000000000
0.0190476190476190	0.3000000000000000	0.0600000000000000	2.5000000000000000	0.0915932648419253	0.0420097462611326	0.0008900000000000
0.0190476190476190	0.3000000000000000	0.0800000000000000	2.5000000000000000	0.1131253711926240	0.0361966382372237	0.0024100000000000
0.0190476190476190	0.3000000000000000	0.1000000000000000	2.5000000000000000	0.1291689271228910	0.0337787626163678	0.0051900000000000
0.0190476190476190	0.3000000000000000	0.1200000000000000	2.5000000000000000	0.1439314886114210	0.0332551836517517	0.0087100000000000
0.0156862745098039	0.3000000000000000	0.0400000000000000	2.5000000000000000	0.0639692947385255	0.0639692947385255	0.0005800000000000
0.0156862745098039	0.3000000000000000	0.0600000000000000	2.5000000000000000	0.0926454920247672	0.0420097462611326	0.0010200000000000
0.0156862745098039	0.3000000000000000	0.0800000000000000	2.5000000000000000	0.1119460420077520	0.0357473200680986	0.0028500000000000
0.0156862745098039	0.3000000000000000	0.1000000000000000	2.5000000000000000	0.1291689271228910	0.0328536697549116	0.0056100000000000
0.0156862745098039	0.3000000000000000	0.1200000000000000	2.5000000000000000	0.1426567440975770	0.0322460156016972	0.0088100000000000
0.0133333333333333	0.3000000000000000	0.0400000000000000	2.5000000000000000	0.0655297259219213	0.0655297259219213	0.0005200000000000
0.0133333333333333	0.3000000000000000	0.0600000000000000	2.5000000000000000	0.0926454920247672	0.0424589386680631	0.0012300000000000
0.0133333333333333	0.3000000000000000	0.0800000000000000	2.5000000000000000	0.1119460420077520	0.0353088642903801	0.0032600000000000
0.0133333333333333	0.3000000000000000	0.1000000000000000	2.5000000000000000	0.1279394078964200	0.0328536697549116	0.0058900000000000
0.0133333333333333	0.3000000000000000	0.1200000000000000	2.5000000000000000	0.1426567440975770	0.0317640145479187	0.0084300000000000
0.0242424242424242	0.4000000000000000	0.0400000000000000	2.5000000000000000	0.0671681891456206	0.0671681891456206	0.0005100000000000
0.0242424242424242	0.4000000000000000	0.0600000000000000	2.5000000000000000	0.0948256787938174	0.0451127819548872	0.0006900000000000
0.0242424242424242	0.4000000000000000	0.0800000000000000	2.5000000000000000	0.1155585087174450	0.0393133916154364	0.0016600000000000
0.0242424242424242	0.4000000000000000	0.1000000000000000	2.5000000000000000	0.1317019847489100	0.0368957400178575	0.0046400000000000
0.0242424242424242	0.4000000000000000	0.1200000000000000	2.5000000000000000	0.1465487763177180	0.0360779644812440	0.0080600000000000
0.0190476190476190	0.4000000000000000	0.0400000000000000	2.5000000000000000	0.0680179567405795	0.0680179567405795	0.0005000000000000
0.0190476190476190	0.4000000000000000	0.0600000000000000	2.5000000000000000	0.0948256787938174	0.0443567167158287	0.0007100000000000
0.0190476190476190	0.4000000000000000	0.0800000000000000	2.5000000000000000	0.1143281790379280	0.0381907148824442	0.0021400000000000
0.0190476190476190	0.4000000000000000	0.1000000000000000	2.5000000000000000	0.1317019847489100	0.0354421407052986	0.0051600000000000
0.0190476190476190	0.4000000000000000	0.1200000000000000	2.5000000000000000	0.1452274625131610	0.0343295580355483	0.0085300000000000
0.0156862745098039	0.4000000000000000	0.0400000000000000	2.5000000000000000	0.0688906877012900	0.0688906877012900	0.0004900000000000
0.0156862745098039	0.4000000000000000	0.0600000000000000	2.5000000000000000	0.0948256787938174	0.0448578007715542	0.0009100000000000
0.0156862745098039	0.4000000000000000	0.0800000000000000	2.5000000000000000	0.1155585087174450	0.0376530833168601	0.0026200000000000
0.0156862745098039	0.4000000000000000	0.1000000000000000	2.5000000000000000	0.1317019847489100	0.0347575832357225	0.0055800000000000
0.0156862745098039	0.4000000000000000	0.1200000000000000	2.5000000000000000	0.1452274625131610	0.0337838788960554	0.0086900000000000
0.0133333333333333	0.4000000000000000	0.0400000000000000	2.5000000000000000	0.0707026071586390	0.0707026071586390	0.0004900000000000
0.0133333333333333	0.4000000000000000	0.0600000000000000	2.5000000000000000	0.0959539421077883	0.0456311934838656	0.0011500000000000
0.0133333333333333	0.4000000000000000	0.0800000000000000	2.5000000000000000	0.1155585087174450	0.0376530833168601	0.0029600000000000
0.0133333333333333	0.4000000000000000	0.1000000000000000	2.5000000000000000	0.1317019847489100	0.0344250669567552	0.0058300000000000
0.0133333333333333	0.4000000000000000	0.1200000000000000	2.5000000000000000	0.1452274625131610	0.0332551836517517	0.0085200000000000
0.0242424242424242	0.5000000000000000	0.0400000000000000	2.5000000000000000	0.0697848880824857	0.0697848880824857	0.0006300000000000
0.0242424242424242	0.5000000000000000	0.0600000000000000	2.5000000000000000	0.0959539421077883	0.0467049647377516	0.0008000000000000
0.0242424242424242	0.5000000000000000	0.0800000000000000	2.5000000000000000	0.1168139008542020	0.0401995909691619	0.0011600000000000
0.0242424242424242	0.5000000000000000	0.1000000000000000	2.5000000000000000	0.1330052537075210	0.0376681884614805	0.0043100000000000
0.0242424242424242	0.5000000000000000	0.1200000000000000	2.5000000000000000	0.1465487763177180	0.0367009514721669	0.0078200000000000
0.0190476190476190	0.5000000000000000	0.0400000000000000	2.5000000000000000	0.0707026071586390	0.0707026071586390	0.0006100000000000
0.0190476190476190	0.5000000000000000	0.0600000000000000	2.5000000000000000	0.0971109492595290	0.0464317221525746	0.0007500000000000
0.0190476190476190	0.5000000000000000	0.0800000000000000	2.5000000000000000	0.1168139008542020	0.0393133916154364	0.0017400000000000
0.0190476190476190	0.5000000000000000	0.1000000000000000	2.5000000000000000	0.1330052537075210	0.0365212754690245	0.0049400000000000
0.0190476190476190	0.5000000000000000	0.1200000000000000	2.5000000000000000	0.1465487763177180	0.0354756696032638	0.0082900000000000
0.0156862745098039	0.5000000000000000	0.0400000000000000	2.5000000000000000	0.0726137312565806	0.0726137312565806	0.0006100000000000
0.0156862745098039	0.5000000000000000	0.0600000000000000	2.5000000000000000	0.0971109492595290	0.0469814423302795	0.0007300000000000
0.0156862745098039	0.5000000000000000	0.0800000000000000	2.5000000000000000	0.1168139008542020	0.0393133916154364	0.0023800000000000
0.0156862745098039	0.5000000000000000	0.1000000000000000	2.5000000000000000	0.1330052537075210	0.0361543356279285	0.0055300000000000
0.0156862745098039	0.5000000000000000	0.1200000000000000	2.5000000000000000	0.1465487763177180	0.0348932557152245	0.0085100000000000
0.0133333333333333	0.5000000000000000	0.0400000000000000	2.5000000000000000	0.0736092453212124	0.0736092453212124	0.0006100000000000
0.0133333333333333	0.5000000000000000	0.0600000000000000	2.5000000000000000	0.0982945888828820	0.0478304887478775	0.0010000000000000
0.0133333333333333	0.5000000000000000	0.0800000000000000	2.5000000000000000	0.1180968689567620	0.0396043525183418	0.0028800000000000
0.0133333333333333	0.5000000000000000	0.1000000000000000	2.5000000000000000	0.1330052537075210	0.0361543356279285	0.0058300000000000
0.0133333333333333	0.5000000000000000	0.1200000000000000	2.5000000000000000	0.1465487763177180	0.0343295580355483	0.0084000000000000
0.0242424242424242	0.6000000000000000	0.0400000000000000	2.5000000000000000	0.0726137312565806	0.0726137312565806	0.0007500000000000
0.0242424242424242	0.6000000000000000	0.0600000000000000	2.5000000000000000	0.0971109492595290	0.0478304887478775	0.0009500000000000
0.0242424242424242	0.6000000000000000	0.0800000000000000	2.5000000000000000	0.1168139008542020	0.0408129948575626	0.0012100000000000
0.0242424242424242	0.6000000000000000	0.1000000000000000	2.5000000000000000	0.1330052537075210	0.0380665250591934	0.0037900000000000
0.0242424242424242	0.6000000000000000	0.1200000000000000	2.5000000000000000	0.1478925314271630	0.0367009514721669	0.0074100000000000
0.0190476190476190	0.6000000000000000	0.0400000000000000	2.5000000000000000	0.0736092453212124	0.0736092453212124	0.0007300000000000
0.0190476190476190	0.6000000000000000	0.0600000000000000	2.5000000000000000	0.0982945888828820	0.0481201077890414	0.0008700000000000
0.0190476190476190	0.6000000000000000	0.0800000000000000	2.5000000000000000	0.1180968689567620	0.0405040731908603	0.0012800000000000
0.0190476190476190	0.6000000000000000	0.1000000000000000	2.5000000000000000	0.1343363782912410	0.0372779631320945	0.0047700000000000
0.0190476190476190	0.6000000000000000	0.1200000000000000	2.5000000000000000	0.1478925314271630	0.0360779644812440	0.0079000000000000
0.0156862745098039	0.6000000000000000	0.0400000000000000	2.5000000000000000	0.0746310427822453	0.0746310427822453	0.0007200000000000
0.0156862745098039	0.6000000000000000	0.0600000000000000	2.5000000000000000	0.0995074381810040	0.0487107878158083	0.0008500000000000
0.0156862745098039	0.6000000000000000	0.0800000000000000	2.5000000000000000	0.1180968689567620	0.0405040731908603	0.0019700000000000
0.0156862745098039	0.6000000000000000	0.1000000000000000	2.5000000000000000	0.1343363782912410	0.0368957400178575	0.0051700000000000
0.0156862745098039	0.6000000000000000	0.1200000000000000	2.5000000000000000	0.1492611572715060	0.0354756696032638	0.0083300000000000
0.0133333333333333	0.6000000000000000	0.0400000000000000	2.5000000000000000	0.0767636447378522	0.0767636447378522	0.0007200000000000
0.0133333333333333	0.6000000000000000	0.0600000000000000	2.5000000000000000	0.1007522837184310	0.0496240974617274	0.0008400000000000
0.0133333333333333	0.6000000000000000	0.0800000000000000	2.5000000000000000	0.1194101140366590	0.0408129948575626	0.0023900000000000
0.0133333333333333	0.6000000000000000	0.1000000000000000	2.5000000000000000	0.1343363782912410	0.0368957400178575	0.0053800000000000
0.0133333333333333	0.6000000000000000	0.1200000000000000	2.5000000000000000	0.1492611572715060	0.0354756696032638	0.0082900000000000
0.0242424242424242	0.7200000000000000	0.0400000000000000	2.5000000000000000	0.0746310427822453	0.0746310427822453	0.0009000000000000
0.0242424242424242	0.7200000000000000	0.0600000000000000	2.5000000000000000	0.0995074381810040	0.0490115994118608	0.0011200000000000
0.0242424242424242	0.7200000000000000	0.0800000000000000	2.5000000000000000	0.1180968689567620	0.0411268764137364	0.0013800000000000
0.0242424242424242	0.7200000000000000	0.1000000000000000	2.5000000000000000	0.1343363782912410	0.0380665250591934	0.0030700000000000
0.0242424242424242	0.7200000000000000	0.1200000000000000	2.5000000000000000	0.1492611572715060	0.0367009514721669	0.0070400000000000
0.0190476190476190	0.7200000000000000	0.0400000000000000	2.5000000000000000	0.0767636447378522	0.0767636447378522	0.0008700000000000
0.0190476190476190	0.7200000000000000	0.0600000000000000	2.5000000000000000	0.1007522837184310	0.0496240974617274	0.0010400000000000
0.0190476190476190	0.7200000000000000	0.0800000000000000	2.5000000000000000	0.1194101140366590	0.0411268764137364	0.0012500000000000
0.0190476190476190	0.7200000000000000	0.1000000000000000	2.5000000000000000	0.1356925749023010	0.0376681884614805	0.0041200000000000
0.0190476190476190	0.7200000000000000	0.1200000000000000	2.5000000000000000	0.1492611572715060	0.0360779644812440	0.0079800000000000
0.0156862745098039	0.7200000000000000	0.0400000000000000	2.5000000000000000	0.0778755548633284	0.0778755548633284	0.0008600000000000
0.0156862745098039	0.7200000000000000	0.0600000000000000	2.5000000000000000	0.1020269351108690	0.0505723099745453	0.0009900000000000
0.0156862745098039	0.7200000000000000	0.0800000000000000	2.5000000000000000	0.1207510716657610	0.0414454086258257	0.0012800000000000
0.0156862745098039	0.7200000000000000	0.1000000000000000	2.5000000000000000	0.1356925749023010	0.0376681884614805	0.0048500000000000
0.0156862745098039	0.7200000000000000	0.1200000000000000	2.5000000000000000	0.1506572422191810	0.0360779644812440	0.0078600000000000
0.0133333333333333	0.7200000000000000	0.0400000000000000	2.5000000000000000	0.0802005012531328	0.0802005012531328	0.0008600000000000
0.0133333333333333	0.7200000000000000	0.0600000000000000	2.5000000000000000	0.1033360315519350	0.0518945848000761	0.0009800000000000
0.0133333333333333	0.7200000000000000	0.0800000000000000	2.5000000000000000	0.1207510716657610	0.0417689134861379	0.0018300000000000
0.0133333333333333	0.7200000000000000	0.1000000000000000	2.5000000000000000	0.1370783128401260	0.0376681884614805	0.0051000000000000
0.0133333333333333	0.7200000000000000	0.1200000000000000	2.5000000000000000	0.1506572422191810	0.0360779644812440	0.0080900000000000
0.0242424242424242	0.3000000000000000	0.0400000000000000	3.0000000000000000	0.0584026865235801	0.0584026865235801	0.0003900000000000
0.0242424242424242	0.3000000000000000	0.0600000000000000	3.0000000000000000	0.0848080511109855	0.0397548451217492	0.0005200000000000
0.0242424242424242	0.3000000000000000	0.0800000000000000	3.0000000000000000	0.1042087300863630	0.0351874169796881	0.0008400000000000
0.0242424242424242	0.3000000000000000	0.1000000000000000	3.0000000000000000	0.1196988377242860	0.0336220345365539	0.0023200000000000
0.0242424242424242	0.3000000000000000	0.1200000000000000	3.0000000000000000	0.1328653520378220	0.0331598886933070	0.0046100000000000
0.0190476190476190	0.3000000000000000	0.0400000000000000	3.0000000000000000	0.0571461226355792	0.0571461226355792	0.0003800000000000
0.0190476190476190	0.3000000000000000	0.0600000000000000	3.0000000000000000	0.0839149102809750	0.0384664700602641	0.0004900000000000
0.0190476190476190	0.3000000000000000	0.0800000000000000	3.0000000000000000	0.1031965119578960	0.0335199275969564	0.0010700000000000
0.0190476190476190	0.3000000000000000	0.1000000000000000	3.0000000000000000	0.1186295909651700	0.0318255450920236	0.0026200000000000
0.0190476190476190	0.3000000000000000	0.1200000000000000	3.0000000000000000	0.1317667728121230	0.0315687290692749	0.0048900000000000
0.0156862745098039	0.3000000000000000	0.0400000000000000	3.0000000000000000	0.0577675721733605	0.0577675721733605	0.0003700000000000
0.0156862745098039	0.3000000000000000	0.0600000000000000	3.0000000000000000	0.0839149102809750	0.0384664700602641	0.0004700000000000
0.0156862745098039	0.3000000000000000	0.0800000000000000	3.0000000000000000	0.1031965119578960	0.0331315072350929	0.0013600000000000
0.0156862745098039	0.3000000000000000	0.1000000000000000	3.0000000000000000	0.1186295909651700	0.0309974675069047	0.0029700000000000
0.0156862745098039	0.3000000000000000	0.1200000000000000	3.0000000000000000	0.1306876347716230	0.0305902386548452	0.0052000000000000
0.0133333333333333	0.3000000000000000	0.0400000000000000	3.0000000000000000	0.0590510496324072	0.0590510496324072	0.0003700000000000
0.0133333333333333	0.3000000000000000	0.0600000000000000	3.0000000000000000	0.0848080511109855	0.0388261558870159	0.0004700000000000
0.0133333333333333	0.3000000000000000	0.0800000000000000	3.0000000000000000	0.1031965119578960	0.0331315072350929	0.0016000000000000
0.0133333333333333	0.3000000000000000	0.1000000000000000	3.0000000000000000	0.1175806603329880	0.0307309352960157	0.0032900000000000
0.0133333333333333	0.3000000000000000	0.1200000000000000	3.0000000000000000	0.1306876347716230	0.0296705089975819	0.0054000000000000
0.0242424242424242	0.4000000000000000	0.0400000000000000	3.0000000000000000	0.0610873549175320	0.0610873549175320	0.0005100000000000
0.0242424242424242	0.4000000000000000	0.0600000000000000	3.0000000000000000	0.0866513582600407	0.0413371179761347	0.0006500000000000
0.0242424242424242	0.4000000000000000	0.0800000000000000	3.0000000000000000	0.1052396174539910	0.0365956862834793	0.0008800000000000
0.0242424242424242	0.4000000000000000	0.1000000000000000	3.0000000000000000	0.1207875347264160	0.0345984845863751	0.0018800000000000
0.0242424242424242	0.4000000000000000	0.1200000000000000	3.0000000000000000	0.1339824036443210	0.0337264336544839	0.0043200000000000
0.0190476190476190	0.4000000000000000	0.0400000000000000	3.0000000000000000	0.0610873549175320	0.0610873549175320	0.0004900000000000
0.0190476190476190	0.4000000000000000	0.0600000000000000	3.0000000000000000	0.0866513582600407	0.0407293264727046	0.0006100000000000
0.0190476190476190	0.4000000000000000	0.0800000000000000	3.0000000000000000	0.1052396174539910	0.0351874169796881	0.0007900000000000
0.0190476190476190	0.4000000000000000	0.1000000000000000	3.0000000000000000	0.1207875347264160	0.0333086849065025	0.0023200000000000
0.0190476190476190	0.4000000000000000	0.1200000000000000	3.0000000000000000	0.1339824036443210	0.0326119745735305	0.0047000000000000
0.0156862745098039	0.4000000000000000	0.0400000000000000	3.0000000000000000	0.0625254009441336	0.0625254009441336	0.0004900000000000
0.0156862745098039	0.4000000000000000	0.0600000000000000	3.0000000000000000	0.0866513582600407	0.0409299279633268	0.0005900000000000
0.0156862745098039	0.4000000000000000	0.0800000000000000	3.0000000000000000	0.1052396174539910	0.0351874169796881	0.0011100000000000
0.0156862745098039	0.4000000000000000	0.1000000000000000	3.0000000000000000	0.1207875347264160	0.0326991870982087	0.0026800000000000
0.0156862745098039	0.4000000000000000	0.1200000000000000	3.0000000000000000	0.1328653520378220	0.0315687290692749	0.0049900000000000
0.0133333333333333	0.4000000000000000	0.0400000000000000	3.0000000000000000	0.0640317597528374	0.0640317597528374	0.0004800000000000
0.0133333333333333	0.4000000000000000	0.0600000000000000	3.0000000000000000	0.0876040297853701	0.0417524912319768	0.0005900000000000
0.0133333333333333	0.4000000000000000	0.0800000000000000	3.0000000000000000	0.1062925170068030	0.0351874169796881	0.0014000000000000
0.0133333333333333	0.4000000000000000	0.1000000000000000	3.0000000000000000	0.1207875347264160	0.0324027270135055	0.0029700000000000
0.0133333333333333	0.4000000000000000	0.1200000000000000	3.0000000000000000	0.1328653520378220	0.0315687290692749	0.0052200000000000
0.0242424242424242	0.5000000000000000	0.0400000000000000	3.0000000000000000	0.0640317597528374	0.0640317597528374	0.0006200000000000
0.0242424242424242	0.5000000000000000	0.0600000000000000	3.0000000000000000	0.0885765744486108	0.0428286923686408	0.0007800000000000
0.0242424242424242	0.5000000000000000	0.0800000000000000	3.0000000000000000	0.1062925170068030	0.0373428682123502	0.0010200000000000
0.0242424242424242	0.5000000000000000	0.1000000000000000	3.0000000000000000	0.1218947317096960	0.0352817067878476	0.0013100000000000
0.0242424242424242	0.5000000000000000	0.1200000000000000	3.0000000000000000	0.1351168760978250	0.0343127723576306	0.0037900000000000
0.0190476190476190	0.5000000000000000	0.0400000000000000	3.0000000000000000	0.0648119642886077	0.0648119642886077	0.0006100000000000
0.0190476190476190	0.5000000000000000	0.0600000000000000	3.0000000000000000	0.0885765744486108	0.0426090970422185	0.0007300000000000
0.0190476190476190	0.5000000000000000	0.0800000000000000	3.0000000000000000	0.1073666975345920	0.0365956862834793	0.0009100000000000
0.0190476190476190	0.5000000000000000	0.1000000000000000	3.0000000000000000	0.1218947317096960	0.0342667598722535	0.0017400000000000
0.0190476190476190	0.5000000000000000	0.1200000000000000	3.0000000000000000	0.1351168760978250	0.0331598886933070	0.0041700000000000
0.0156862745098039	0.5000000000000000	0.0400000000000000	3.0000000000000000	0.0656124926185946	0.0656124926185946	0.0006000000000000
0.0156862745098039	0.5000000000000000	0.0600000000000000	3.0000000000000000	0.0895722923042472	0.0430505628861097	0.0007100000000000
0.0156862745098039	0.5000000000000000	0.0800000000000000	3.0000000000000000	0.1073666975345920	0.0365956862834793	0.0008800000000000
0.0156862745098039	0.5000000000000000	0.1000000000000000	3.0000000000000000	0.1218947317096960	0.0336220345365539	0.0022600000000000
0.0156862745098039	0.5000000000000000	0.1200000000000000	3.0000000000000000	0.1351168760978250	0.0326119745735305	0.0046000000000000
0.0133333333333333	0.5000000000000000	0.0400000000000000	3.0000000000000000	0.0672732471114550	0.0672732471114550	0.0006000000000000
0.0133333333333333	0.5000000000000000	0.0600000000000000	3.0000000000000000	0.0905906510448122	0.0437305034838634	0.0007100000000000
0.0133333333333333	0.5000000000000000	0.0800000000000000	3.0000000000000000	0.1073666975345920	0.0365956862834793	0.0011400000000000
0.0133333333333333	0.5000000000000000	0.1000000000000000	3.0000000000000000	0.1218947317096960	0.0336220345365539	0.0026500000000000
0.0133333333333333	0.5000000000000000	0.1200000000000000	3.0000000000000000	0.1351168760978250	0.0326119745735305	0.0048800000000000
0.0333333333333333	0.6000000000000000	0.0600000000000000	3.0000000000000000	0.0895722923042472	0.0454032947657568	0.0006300000000000
0.0333333333333333	0.6000000000000000	0.0800000000000000	3.0000000000000000	0.1073666975345920	0.0394931059846866	0.0009000000000000
0.0333333333333333	0.6000000000000000	0.1000000000000000	3.0000000000000000	0.1230239281540260	0.0371136010213663	0.0011800000000000
0.0333333333333333	0.6000000000000000	0.1200000000000000	3.0000000000000000	0.1351168760978250	0.0362007330648446	0.0022600000000000
0.0242424242424242	0.6000000000000000	0.0400000000000000	3.0000000000000000	0.0656124926185946	0.0656124926185946	0.0007400000000000
0.0242424242424242	0.6000000000000000	0.0600000000000000	3.0000000000000000	0.0895722923042472	0.0439618411219062	0.0009200000000000
0.0242424242424242	0.6000000000000000	0.0800000000000000	3.0000000000000000	0.1073666975345920	0.0378581738163405	0.0011600000000000
0.0242424242424242	0.6000000000000000	0.1000000000000000	3.0000000000000000	0.1230239281540260	0.0356334740855560	0.0014600000000000
0.0242424242424242	0.6000000000000000	0.1200000000000000	3.0000000000000000	0.1362722719994550	0.0343127723576306	0.0031300000000000
0.0190476190476190	0.6000000000000000	0.0400000000000000	3.0000000000000000	0.0672732471114550	0.0672732471114550	0.0007200000000000
0.0190476190476190	0.6000000000000000	0.0600000000000000	3.0000000000000000	0.0905906510448122	0.0439618411219062	0.0008600000000000
0.0190476190476190	0.6000000000000000	0.0800000000000000	3.0000000000000000	0.1084613403110130	0.0375987554811936	0.0010500000000000
0.0190476190476190	0.6000000000000000	0.1000000000000000	3.0000000000000000	0.1230239281540260	0.0349366947091869	0.0012900000000000
0.0190476190476190	0.6000000000000000	0.1200000000000000	3.0000000000000000	0.1362722719994550	0.0337264336544839	0.0038900000000000
0.0156862745098039	0.6000000000000000	0.0400000000000000	3.0000000000000000	0.0681361359997275	0.0681361359997275	0.0007200000000000
0.0156862745098039	0.6000000000000000	0.0600000000000000	3.0000000000000000	0.0916310323762981	0.0446707763780934	0.0008300000000000
0.0156862745098039	0.6000000000000000	0.0800000000000000	3.0000000000000000	0.1084613403110130	0.0375987554811936	0.0009800000000000
0.0156862745098039	0.6000000000000000	0.1000000000000000	3.0000000000000000	0.1230239281540260	0.0345984845863751	0.0016100000000000
0.0156862745098039	0.6000000000000000	0.1200000000000000	3.0000000000000000	0.1362722719994550	0.0331598886933070	0.0042700000000000
0.0133333333333333	0.6000000000000000	0.0400000000000000	3.0000000000000000	0.0699288473977728	0.0699288473977728	0.0007100000000000
0.0133333333333333	0.6000000000000000	0.0600000000000000	3.0000000000000000	0.0916310323762981	0.0454032947657568	0.0008200000000000
0.0133333333333333	0.6000000000000000	0.0800000000000000	3.0000000000000000	0.1095800345177110	0.0378581738163405	0.0009600000000000
0.0133333333333333	0.6000000000000000	0.1000000000000000	3.0000000000000000	0.1241726993903120	0.0345984845863751	0.0019200000000000
0.0133333333333333	0.6000000000000000	0.1200000000000000	3.0000000000000000	0.1362722719994550	0.0331598886933070	0.0044500000000000
0.0333333333333333	0.7200000000000000	0.0400000000000000	3.0000000000000000	0.0672732471114550	0.0672732471114550	0.0003800000000000
0.0333333333333333	0.7200000000000000	0.0600000000000000	3.0000000000000000	0.0895722923042472	0.0456527197607797	0.0006600000000000
0.0333333333333333	0.7200000000000000	0.0800000000000000	3.0000000000000000	0.1073666975345920	0.0389326610960517	0.0009100000000000
0.0333333333333333	0.7200000000000000	0.1000000000000000	3.0000000000000000	0.1230239281540260	0.0367321601081395	0.0011700000000000
0.0333333333333333	0.7200000000000000	0.1200000000000000	3.0000000000000000	0.1362722719994550	0.0355488144470382	0.0014400000000000
0.0242424242424242	0.7200000000000000	0.0400000000000000	3.0000000000000000	0.0681361359997275	0.0681361359997275	0.0008900000000000
0.0242424242424242	0.7200000000000000	0.0600000000000000	3.0000000000000000	0.0905906510448122	0.0449121966555384	0.0010900000000000
0.0242424242424242	0.7200000000000000	0.0800000000000000	3.0000000000000000	0.1084613403110130	0.0383879001338778	0.0013300000000000
0.0242424242424242	0.7200000000000000	0.1000000000000000	3.0000000000000000	0.1241726993903120	0.0356334740855560	0.0016500000000000
0.0242424242424242	0.7200000000000000	0.1200000000000000	3.0000000000000000	0.1362722719994550	0.0343127723576306	0.0023100000000000
0.0190476190476190	0.7200000000000000	0.0400000000000000	3.0000000000000000	0.0699288473977728	0.0699288473977728	0.0008600000000000
0.0190476190476190	0.7200000000000000	0.0600000000000000	3.0000000000000000	0.0916310323762981	0.0454032947657568	0.0010200000000000
0.0190476190476190	0.7200000000000000	0.0800000000000000	3.0000000000000000	0.1095800345177110	0.0381211968149740	0.0012100000000000
0.0190476190476190	0.7200000000000000	0.1000000000000000	3.0000000000000000	0.1241726993903120	0.0352817067878476	0.0014400000000000
0.0190476190476190	0.7200000000000000	0.1200000000000000	3.0000000000000000	0.1374475981032230	0.0337264336544839	0.0030100000000000
0.0156862745098039	0.7200000000000000	0.0400000000000000	3.0000000000000000	0.0718197324714965	0.0718197324714965	0.0008500000000000
0.0156862745098039	0.7200000000000000	0.0600000000000000	3.0000000000000000	0.0926970197908137	0.0461598824461660	0.0009800000000000
0.0156862745098039	0.7200000000000000	0.0800000000000000	3.0000000000000000	0.1107205137431840	0.0383879001338778	0.0011400000000000
0.0156862745098039	0.7200000000000000	0.1000000000000000	3.0000000000000000	0.1253446979192780	0.0352817067878476	0.0013500000000000
0.0156862745098039	0.7200000000000000	0.1200000000000000	3.0000000000000000	0.1374475981032230	0.0337264336544839	0.0038300000000000
0.0133333333333333	0.7200000000000000	0.0400000000000000	3.0000000000000000	0.0728027228218335	0.0728027228218335	0.0008500000000000
0.0133333333333333	0.7200000000000000	0.0600000000000000	3.0000000000000000	0.0937881014162003	0.0472087808332350	0.0009600000000000
0.0133333333333333	0.7200000000000000	0.0800000000000000	3.0000000000000000	0.1107205137431840	0.0386583615619911	0.0011000000000000
0.0133333333333333	0.7200000000000000	0.1000000000000000	3.0000000000000000	0.1253446979192780	0.0352817067878476	0.0014900000000000
0.0133333333333333	0.7200000000000000	0.1200000000000000	3.0000000000000000	0.1386417727661340	0.0337264336544839	0.0040100000000000
0.0333333333333333	0.3000000000000000	0.0400000000000000	4.0000000000000000	0.0537186752974672	0.0537186752974672	0.0004100000000000
0.0333333333333333	0.3000000000000000	0.0600000000000000	4.0000000000000000	0.0764984126579373	0.0383901721159383	0.0005700000000000
0.0333333333333333	0.3000000000000000	0.0800000000000000	4.0000000000000000	0.0926183199036770	0.0350771038589199	0.0008300000000000
0.0333333333333333	0.3000000000000000	0.1000000000000000	4.0000000000000000	0.1060231766664190	0.0343324063583617	0.0011600000000000
0.0333333333333333	0.3000000000000000	0.1200000000000000	4.0000000000000000	0.1173467890984830	0.0340420703252436	0.0015100000000000
0.0242424242424242	0.3000000000000000	0.0400000000000000	4.0000000000000000	0.0497394894241411	0.0497394894241411	0.0003800000000000
0.0242424242424242	0.3000000000000000	0.0600000000000000	4.0000000000000000	0.0736992089618238	0.0349001564690348	0.0005000000000000
0.0242424242424242	0.3000000000000000	0.0800000000000000	4.0000000000000000	0.0905366560286096	0.0317032575097091	0.0007100000000000
0.0242424242424242	0.3000000000000000	0.1000000000000000	4.0000000000000000	0.1049196839819120	0.0305538496322844	0.0009800000000000
0.0242424242424242	0.3000000000000000	0.1200000000000000	4.0000000000000000	0.1162182578883140	0.0303749022307834	0.0012600000000000
0.0190476190476190	0.3000000000000000	0.0400000000000000	4.0000000000000000	0.0485407438869001	0.0485407438869001	0.0003700000000000
0.0190476190476190	0.3000000000000000	0.0600000000000000	4.0000000000000000	0.0728111158303501	0.0337495781302734	0.0004700000000000
0.0190476190476190	0.3000000000000000	0.0800000000000000	4.0000000000000000	0.0895305243131330	0.0300689707015467	0.0006500000000000
0.0190476190476190	0.3000000000000000	0.1000000000000000	4.0000000000000000	0.1038378468184080	0.0289602404858370	0.0009100000000000
0.0190476190476190	0.3000000000000000	0.1200000000000000	4.0000000000000000	0.1151112262223370	0.0285979838421391	0.0013300000000000
0.0156862745098039	0.3000000000000000	0.0400000000000000	4.0000000000000000	0.0485407438869001	0.0485407438869001	0.0003600000000000
0.0156862745098039	0.3000000000000000	0.0600000000000000	4.0000000000000000	0.0719441713230533	0.0335651191282020	0.0004500000000000
0.0156862745098039	0.3000000000000000	0.0800000000000000	4.0000000000000000	0.0895305243131330	0.0296673181115269	0.0006300000000000
0.0156862745098039	0.3000000000000000	0.1000000000000000	4.0000000000000000	0.1027780918219470	0.0280813685735788	0.0008900000000000
0.0156862745098039	0.3000000000000000	0.1200000000000000	4.0000000000000000	0.1151112262223370	0.0280510154467592	0.0015200000000000
0.0133333333333333	0.3000000000000000	0.0400000000000000	4.0000000000000000	0.0497394894241411	0.0497394894241411	0.0003600000000000
0.0133333333333333	0.3000000000000000	0.0600000000000000	4.0000000000000000	0.0728111158303501	0.0339360757453211	0.0004400000000000
0.0133333333333333	0.3000000000000000	0.0800000000000000	4.0000000000000000	0.0895305243131330	0.0292762543960126	0.0006300000000000
0.0133333333333333	0.3000000000000000	0.1000000000000000	4.0000000000000000	0.1027780918219470	0.0275245519002951	0.0010100000000000
0.0133333333333333	0.3000000000000000	0.1200000000000000	4.0000000000000000	0.1140250855188140	0.0275245771536835	0.0016800000000000
0.0333333333333333	0.4000000000000000	0.0400000000000000	4.0000000000000000	0.0551906838125724	0.0551906838125724	0.0005300000000000
0.0333333333333333	0.4000000000000000	0.0600000000000000	4.0000000000000000	0.0774783383479036	0.0391236306729264	0.0007100000000000
0.0333333333333333	0.4000000000000000	0.0800000000000000	4.0000000000000000	0.0936954663106239	0.0353910266052042	0.0009800000000000
0.0333333333333333	0.4000000000000000	0.1000000000000000	4.0000000000000000	0.1060231766664190	0.0339130198865949	0.0013100000000000
0.0333333333333333	0.4000000000000000	0.1200000000000000	4.0000000000000000	0.1184974523047750	0.0336976422882946	0.0017700000000000
0.0242424242424242	0.4000000000000000	0.0400000000000000	4.0000000000000000	0.0523231477605693	0.0523231477605693	0.0005000000000000
0.0242424242424242	0.4000000000000000	0.0600000000000000	4.0000000000000000	0.0755420139500919	0.0363455737148811	0.0006200000000000
0.0242424242424242	0.4000000000000000	0.0800000000000000	4.0000000000000000	0.0915656582998546	0.0327533265097236	0.0008000000000000
0.0242424242424242	0.4000000000000000	0.1000000000000000	4.0000000000000000	0.1060231766664190	0.0312416038189736	0.0010500000000000
0.0242424242424242	0.4000000000000000	0.1200000000000000	4.0000000000000000	0.1173467890984830	0.0310173697270471	0.0013500000000000
0.0190476190476190	0.4000000000000000	0.0400000000000000	4.0000000000000000	0.0523231477605693	0.0523231477605693	0.0004800000000000
0.0190476190476190	0.4000000000000000	0.0600000000000000	4.0000000000000000	0.0746092341362116	0.0357117348760803	0.0005900000000000
0.0190476190476190	0.4000000000000000	0.0800000000000000	4.0000000000000000	0.0915656582998546	0.0314511151386011	0.0007200000000000
0.0190476190476190	0.4000000000000000	0.1000000000000000	4.0000000000000000	0.1049196839819120	0.0302212497695630	0.0009600000000000
0.0190476190476190	0.4000000000000000	0.1200000000000000	4.0000000000000000	0.1162182578883140	0.0297585834914258	0.0012300000000000
0.0156862745098039	0.4000000000000000	0.0400000000000000	4.0000000000000000	0.0530117288450070	0.0530117288450070	0.0004800000000000
0.0156862745098039	0.4000000000000000	0.0600000000000000	4.0000000000000000	0.0755420139500919	0.0359206154398779	0.0005700000000000
0.0156862745098039	0.4000000000000000	0.0800000000000000	4.0000000000000000	0.0915656582998546	0.0312030735027400	0.0006900000000000
0.0156862745098039	0.4000000000000000	0.1000000000000000	4.0000000000000000	0.1049196839819120	0.0295773106534515	0.0009400000000000
0.0156862745098039	0.4000000000000000	0.1200000000000000	4.0000000000000000	0.1162182578883140	0.0291667780675551	0.0012300000000000
0.0133333333333333	0.4000000000000000	0.0400000000000000	4.0000000000000000	0.0537186752974672	0.0537186752974672	0.0004700000000000
0.0133333333333333	0.4000000000000000	0.0600000000000000	4.0000000000000000	0.0755420139500919	0.0363455737148811	0.0005600000000000
0.0133333333333333	0.4000000000000000	0.0800000000000000	4.0000000000000000	0.0915656582998546	0.0312030735027400	0.0006700000000000
0.0133333333333333	0.4000000000000000	0.1000000000000000	4.0000000000000000	0.1049196839819120	0.0292655231651249	0.0009400000000000
0.0133333333333333	0.4000000000000000	0.1200000000000000	4.0000000000000000	0.1162182578883140	0.0285979838421391	0.0014200000000000
0.0333333333333333	0.5000000000000000	0.0400000000000000	4.0000000000000000	0.0567448326736747	0.0567448326736747	0.0006400000000000
0.0333333333333333	0.5000000000000000	0.0600000000000000	4.0000000000000000	0.0774783383479036	0.0396285484062719	0.0008500000000000
0.0333333333333333	0.5000000000000000	0.0800000000000000	4.0000000000000000	0.0936954663106239	0.0353910266052042	0.0011300000000000
0.0333333333333333	0.5000000000000000	0.1000000000000000	4.0000000000000000	0.1071512761716990	0.0339130198865949	0.0014800000000000
0.0333333333333333	0.5000000000000000	0.1200000000000000	4.0000000000000000	0.1184974523047750	0.0336976422882946	0.0019800000000000
0.0242424242424242	0.5000000000000000	0.0400000000000000	4.0000000000000000	0.0551906838125724	0.0551906838125724	0.0006100000000000
0.0242424242424242	0.5000000000000000	0.0600000000000000	4.0000000000000000	0.0764984126579373	0.0374536511067554	0.0007400000000000
0.0242424242424242	0.5000000000000000	0.0800000000000000	4.0000000000000000	0.0926183199036770	0.0333050240628799	0.0009400000000000
0.0242424242424242	0.5000000000000000	0.1000000000000000	4.0000000000000000	0.1060231766664190	0.0319609309579969	0.0012000000000000
0.0242424242424242	0.5000000000000000	0.1200000000000000	4.0000000000000000	0.1173467890984830	0.0316875188144643	0.0015000000000000
0.0190476190476190	0.5000000000000000	0.0400000000000000	4.0000000000000000	0.0551906838125724	0.0551906838125724	0.0006000000000000
0.0190476190476190	0.5000000000000000	0.0600000000000000	4.0000000000000000	0.0764984126579373	0.0372268480027796	0.0007100000000000
0.0190476190476190	0.5000000000000000	0.0800000000000000	4.0000000000000000	0.0926183199036770	0.0327533265097236	0.0008500000000000
0.0190476190476190	0.5000000000000000	0.1000000000000000	4.0000000000000000	0.1060231766664190	0.0308938518145504	0.0010500000000000
0.0190476190476190	0.5000000000000000	0.1200000000000000	4.0000000000000000	0.1173467890984830	0.0303749022307834	0.0013000000000000
0.0156862745098039	0.5000000000000000	0.0400000000000000	4.0000000000000000	0.0559565776957081	0.0559565776957081	0.0005900000000000
0.0156862745098039	0.5000000000000000	0.0600000000000000	4.0000000000000000	0.0774783383479036	0.0376834714013855	0.0006900000000000
0.0156862745098039	0.5000000000000000	0.0800000000000000	4.0000000000000000	0.0936954663106239	0.0324844074844075	0.0008100000000000
0.0156862745098039	0.5000000000000000	0.1000000000000000	4.0000000000000000	0.1060231766664190	0.0305538496322844	0.0009700000000000
0.0156862745098039	0.5000000000000000	0.1200000000000000	4.0000000000000000	0.1173467890984830	0.0297585834914258	0.0012400000000000
0.0133333333333333	0.5000000000000000	0.0400000000000000	4.0000000000000000	0.0575556131111687	0.0575556131111687	0.0005900000000000
0.0133333333333333	0.5000000000000000	0.0600000000000000	4.0000000000000000	0.0774783383479036	0.0381516783559170	0.0006800000000000
0.0133333333333333	0.5000000000000000	0.0800000000000000	4.0000000000000000	0.0936954663106239	0.0324844074844075	0.0008000000000000
0.0133333333333333	0.5000000000000000	0.1000000000000000	4.0000000000000000	0.1071512761716990	0.0302212497695630	0.0009700000000000
0.0133333333333333	0.5000000000000000	0.1200000000000000	4.0000000000000000	0.1184974523047750	0.0297585834914258	0.0012400000000000
0.0333333333333333	0.6000000000000000	0.0400000000000000	4.0000000000000000	0.0575556131111687	0.0575556131111687	0.0007700000000000
0.0333333333333333	0.6000000000000000	0.0600000000000000	4.0000000000000000	0.0784847216408539	0.0398859262509224	0.0010000000000000
0.0333333333333333	0.6000000000000000	0.0800000000000000	4.0000000000000000	0.0936954663106239	0.0353910266052042	0.0012800000000000
0.0333333333333333	0.6000000000000000	0.1000000000000000	4.0000000000000000	0.1071512761716990	0.0339130198865949	0.0016700000000000
0.0333333333333333	0.6000000000000000	0.1200000000000000	4.0000000000000000	0.1184974523047750	0.0330294622803541	0.0021500000000000
0.0242424242424242	0.6000000000000000	0.0400000000000000	4.0000000000000000	0.0567448326736747	0.0567448326736747	0.0007300000000000
0.0242424242424242	0.6000000000000000	0.0600000000000000	4.0000000000000000	0.0774783383479036	0.0386314176442561	0.0008700000000000
0.0242424242424242	0.6000000000000000	0.0800000000000000	4.0000000000000000	0.0936954663106239	0.0338754821963169	0.0010900000000000
0.0242424242424242	0.6000000000000000	0.1000000000000000	4.0000000000000000	0.1071512761716990	0.0323331608898086	0.0013300000000000
0.0242424242424242	0.6000000000000000	0.1200000000000000	4.0000000000000000	0.1184974523047750	0.0316875188144643	0.0016700000000000
0.0190476190476190	0.6000000000000000	0.0400000000000000	4.0000000000000000	0.0575556131111687	0.0575556131111687	0.0007100000000000
0.0190476190476190	0.6000000000000000	0.0600000000000000	4.0000000000000000	0.0784847216408539	0.0386314176442561	0.0008300000000000
0.0190476190476190	0.6000000000000000	0.0800000000000000	4.0000000000000000	0.0936954663106239	0.0333050240628799	0.0009800000000000
0.0190476190476190	0.6000000000000000	0.1000000000000000	4.0000000000000000	0.1071512761716990	0.0315971739487620	0.0011900000000000
0.0190476190476190	0.6000000000000000	0.1200000000000000	4.0000000000000000	0.1184974523047750	0.0310173697270471	0.0014300000000000
0.0156862745098039	0.6000000000000000	0.0400000000000000	4.0000000000000000	0.0583898985475513	0.0583898985475513	0.0007000000000000
0.0156862745098039	0.6000000000000000	0.0600000000000000	4.0000000000000000	0.0795175932675104	0.0388759662297440	0.0008100000000000
0.0156862745098039	0.6000000000000000	0.0800000000000000	4.0000000000000000	0.0947979618438204	0.0333050240628799	0.0009400000000000
0.0156862745098039	0.6000000000000000	0.1000000000000000	4.0000000000000000	0.1071512761716990	0.0312416038189736	0.0011100000000000
0.0156862745098039	0.6000000000000000	0.1200000000000000	4.0000000000000000	0.1184974523047750	0.0303749022307834	0.0013200000000000
0.0133333333333333	0.6000000000000000	0.0400000000000000	4.0000000000000000	0.0601331950269848	0.0601331950269848	0.0007000000000000
0.0133333333333333	0.6000000000000000	0.0600000000000000	4.0000000000000000	0.0795175932675104	0.0396285484062719	0.0008000000000000
0.0133333333333333	0.6000000000000000	0.0800000000000000	4.0000000000000000	0.0947979618438204	0.0335877606200301	0.0009200000000000
0.0133333333333333	0.6000000000000000	0.1000000000000000	4.0000000000000000	0.1083036400853430	0.0312416038189736	0.0010600000000000
0.0133333333333333	0.6000000000000000	0.1200000000000000	4.0000000000000000	0.1196697115959950	0.0303749022307834	0.0012500000000000
0.0333333333333333	0.7200000000000000	0.0400000000000000	4.0000000000000000	0.0592487261523877	0.0592487261523877	0.0009300000000000
0.0333333333333333	0.7200000000000000	0.0600000000000000	4.0000000000000000	0.0784847216408539	0.0398859262509224	0.0011700000000000
0.0333333333333333	0.7200000000000000	0.0800000000000000	4.0000000000000000	0.0936954663106239	0.0350771038589199	0.0014700000000000
0.0333333333333333	0.7200000000000000	0.1000000000000000	4.0000000000000000	0.1071512761716990	0.0331042519101153	0.0018700000000000
0.0333333333333333	0.7200000000000000	0.1200000000000000	4.0000000000000000	0.1184974523047750	0.0330294622803541	0.0023300000000000
0.0242424242424242	0.7200000000000000	0.0400000000000000	4.0000000000000000	0.0592487261523877	0.0592487261523877	0.0008700000000000
0.0242424242424242	0.7200000000000000	0.0600000000000000	4.0000000000000000	0.0795175932675104	0.0393744709055472	0.0010500000000000
0.0242424242424242	0.7200000000000000	0.0800000000000000	4.0000000000000000	0.0947979618438204	0.0341680298286900	0.0012500000000000
0.0242424242424242	0.7200000000000000	0.1000000000000000	4.0000000000000000	0.1071512761716990	0.0323331608898086	0.0015000000000000
0.0242424242424242	0.7200000000000000	0.1200000000000000	4.0000000000000000	0.1196697115959950	0.0316875188144643	0.0018500000000000
0.0190476190476190	0.7200000000000000	0.0400000000000000	4.0000000000000000	0.0601331950269848	0.0601331950269848	0.0008500000000000
0.0190476190476190	0.7200000000000000	0.0600000000000000	4.0000000000000000	0.0795175932675104	0.0396285484062719	0.0009800000000000
0.0190476190476190	0.7200000000000000	0.0800000000000000	4.0000000000000000	0.0947979618438204	0.0341680298286900	0.0011500000000000
0.0190476190476190	0.7200000000000000	0.1000000000000000	4.0000000000000000	0.1083036400853430	0.0319609309579969	0.0013400000000000
0.0190476190476190	0.7200000000000000	0.1200000000000000	4.0000000000000000	0.1196697115959950	0.0310173697270471	0.0015900000000000
0.0156862745098039	0.7200000000000000	0.0400000000000000	4.0000000000000000	0.0619828307558806	0.0619828307558806	0.0008400000000000
0.0156862745098039	0.7200000000000000	0.0600000000000000	4.0000000000000000	0.0805780129462007	0.0401464005406382	0.0009600000000000
0.0156862745098039	0.7200000000000000	0.0800000000000000	4.0000000000000000	0.0959255617640711	0.0341680298286900	0.0010900000000000
0.0156862745098039	0.7200000000000000	0.1000000000000000	4.0000000000000000	0.1094810597766590	0.0319609309579969	0.0012700000000000
0.0156862745098039	0.7200000000000000	0.1200000000000000	4.0000000000000000	0.1208666136196530	0.0310173697270471	0.0014600000000000
0.0133333333333333	0.7200000000000000	0.0400000000000000	4.0000000000000000	0.0629514801466770	0.0629514801466770	0.0008400000000000
0.0133333333333333	0.7200000000000000	0.0600000000000000	4.0000000000000000	0.0816670976874600	0.0409494819890528	0.0009400000000000
0.0133333333333333	0.7200000000000000	0.0800000000000000	4.0000000000000000	0.0970814877738001	0.0344658228284377	0.0010600000000000
0.0133333333333333	0.7200000000000000	0.1000000000000000	4.0000000000000000	0.1094810597766590	0.0315971739487620	0.0012100000000000
0.0133333333333333	0.7200000000000000	0.1200000000000000	4.0000000000000000	0.1208666136196530	0.0310173697270471	0.0013900000000000
0.0333333333333333	0.3000000000000000	0.0400000000000000	5.0000000000000000	0.0478388786566843	0.0478388786566843	0.0004100000000000
0.0333333333333333	0.3000000000000000	0.0600000000000000	5.0000000000000000	0.0684962783688753	0.0350446819695111	0.0005400000000000
0.0333333333333333	0.3000000000000000	0.0800000000000000	5.0000000000000000	0.0837179124938520	0.0323105691910645	0.0008000000000000
0.0333333333333333	0.3000000000000000	0.1000000000000000	5.0000000000000000	0.0956782150272204	0.0315984718978990	0.0010700000000000
0.0333333333333333	0.3000000000000000	0.1200000000000000	5.0000000000000000	0.1057492333180580	0.0314386317907445	0.0013700000000000
0.0242424242424242	0.3000000000000000	0.0400000000000000	5.0000000000000000	0.0436790897277701	0.0436790897277701	0.0003800000000000
0.0242424242424242	0.3000000000000000	0.0600000000000000	5.0000000000000000	0.0655186345916551	0.0317247140810143	0.0004800000000000
0.0242424242424242	0.3000000000000000	0.0800000000000000	5.0000000000000000	0.0811811862600842	0.0291298901803140	0.0006800000000000
0.0242424242424242	0.3000000000000000	0.1000000000000000	5.0000000000000000	0.0938896608705450	0.0286464002933391	0.0009300000000000
0.0242424242424242	0.3000000000000000	0.1200000000000000	5.0000000000000000	0.1048291285205120	0.0284413432846433	0.0012000000000000
0.0190476190476190	0.3000000000000000	0.0400000000000000	5.0000000000000000	0.0427496580027360	0.0427496580027360	0.0003600000000000
0.0190476190476190	0.3000000000000000	0.0600000000000000	5.0000000000000000	0.0641244870041040	0.0305974145184732	0.0004500000000000
0.0190476190476190	0.3000000000000000	0.0800000000000000	5.0000000000000000	0.0803697006228652	0.0275785039351078	0.0006200000000000
0.0190476190476190	0.3000000000000000	0.1000000000000000	5.0000000000000000	0.0930197946122935	0.0267706796807864	0.0008600000000000
0.0190476190476190	0.3000000000000000	0.1200000000000000	5.0000000000000000	0.1039257969809560	0.0269809649292424	0.0011200000000000
0.0156862745098039	0.3000000000000000	0.0400000000000000	5.0000000000000000	0.0427496580027360	0.0427496580027360	0.0003600000000000
0.0156862745098039	0.3000000000000000	0.0600000000000000	5.0000000000000000	0.0641244870041040	0.0304429448475316	0.0004400000000000
0.0156862745098039	0.3000000000000000	0.0800000000000000	5.0000000000000000	0.0795734861144267	0.0270189943530302	0.0005900000000000
0.0156862745098039	0.3000000000000000	0.1000000000000000	5.0000000000000000	0.0921667480806275	0.0261988598256204	0.0008300000000000
0.0156862745098039	0.3000000000000000	0.1200000000000000	5.0000000000000000	0.1030379007745020	0.0260879206405454	0.0010800000000000
0.0133333333333333	0.3000000000000000	0.0400000000000000	5.0000000000000000	0.0436790897277701	0.0436790897277701	0.0003500000000000
0.0133333333333333	0.3000000000000000	0.0600000000000000	5.0000000000000000	0.0641244870041040	0.0305974145184732	0.0004300000000000
0.0133333333333333	0.3000000000000000	0.0800000000000000	5.0000000000000000	0.0795734861144267	0.0270189943530302	0.0005700000000000
0.0133333333333333	0.3000000000000000	0.1000000000000000	5.0000000000000000	0.0921667480806275	0.0256509571654666	0.0008200000000000
0.0133333333333333	0.3000000000000000	0.1200000000000000	5.0000000000000000	0.1030379007745020	0.0256632342090912	0.0010600000000000
0.0333333333333333	0.4000000000000000	0.0400000000000000	5.0000000000000000	0.0490057949352511	0.0490057949352511	0.0005200000000000
0.0333333333333333	0.4000000000000000	0.0600000000000000	5.0000000000000000	0.0692840646651270	0.0354570113285151	0.0006700000000000
0.0333333333333333	0.4000000000000000	0.0800000000000000	5.0000000000000000	0.0837179124938520	0.0325645388454243	0.0009100000000000
0.0333333333333333	0.4000000000000000	0.1000000000000000	5.0000000000000000	0.0956782150272204	0.0315984718978990	0.0011900000000000
0.0333333333333333	0.4000000000000000	0.1200000000000000	5.0000000000000000	0.1057492333180580	0.0314386317907445	0.0015500000000000
0.0242424242424242	0.4000000000000000	0.0400000000000000	5.0000000000000000	0.0461893764434180	0.0461893764434180	0.0004900000000000
0.0242424242424242	0.4000000000000000	0.0600000000000000	5.0000000000000000	0.0669747505190543	0.0331191627475657	0.0006000000000000
0.0242424242424242	0.4000000000000000	0.0800000000000000	5.0000000000000000	0.0828551898419537	0.0299728745485336	0.0007400000000000
0.0242424242424242	0.4000000000000000	0.1000000000000000	5.0000000000000000	0.0947750514154654	0.0289849191465680	0.0009700000000000
0.0242424242424242	0.4000000000000000	0.1200000000000000	5.0000000000000000	0.1057492333180580	0.0289638892710513	0.0012200000000000
0.0190476190476190	0.4000000000000000	0.0400000000000000	5.0000000000000000	0.0461893764434180	0.0461893764434180	0.0004800000000000
0.0190476190476190	0.4000000000000000	0.0600000000000000	5.0000000000000000	0.0662383254951315	0.0324070323260147	0.0005700000000000
0.0190476190476190	0.4000000000000000	0.0800000000000000	5.0000000000000000	0.0820092260379293	0.0289265013758167	0.0006900000000000
0.0190476190476190	0.4000000000000000	0.1000000000000000	5.0000000000000000	0.0938896608705450	0.0279926211450662	0.0009100000000000
0.0190476190476190	0.4000000000000000	0.1200000000000000	5.0000000000000000	0.1048291285205120	0.0274507830335860	0.0011500000000000
0.0156862745098039	0.4000000000000000	0.0400000000000000	5.0000000000000000	0.0467262426260148	0.0467262426260148	0.0004700000000000
0.0156862745098039	0.4000000000000000	0.0600000000000000	5.0000000000000000	0.0669747505190543	0.0324070323260147	0.0005600000000000
0.0156862745098039	0.4000000000000000	0.0800000000000000	5.0000000000000000	0.0820092260379293	0.0285281269501649	0.0006600000000000
0.0156862745098039	0.4000000000000000	0.1000000000000000	5.0000000000000000	0.0938896608705450	0.0273680177344755	0.0008800000000000
0.0156862745098039	0.4000000000000000	0.1200000000000000	5.0000000000000000	0.1048291285205120	0.0269809649292424	0.0011300000000000
0.0133333333333333	0.4000000000000000	0.0400000000000000	5.0000000000000000	0.0472762944840383	0.0472762944840383	0.0004700000000000
0.0133333333333333	0.4000000000000000	0.0600000000000000	5.0000000000000000	0.0669747505190543	0.0327593172958276	0.0005500000000000
0.0133333333333333	0.4000000000000000	0.0800000000000000	5.0000000000000000	0.0820092260379293	0.0285281269501649	0.0006500000000000
0.0133333333333333	0.4000000000000000	0.1000000000000000	5.0000000000000000	0.0938896608705450	0.0270660167213851	0.0008700000000000
0.0133333333333333	0.4000000000000000	0.1200000000000000	5.0000000000000000	0.1048291285205120	0.0265269580210889	0.0011200000000000
0.0333333333333333	0.5000000000000000	0.0400000000000000	5.0000000000000000	0.0502310628892907	0.0502310628892907	0.0006300000000000
0.0333333333333333	0.5000000000000000	0.0600000000000000	5.0000000000000000	0.0700893639390223	0.0358791589925132	0.0008000000000000
0.0333333333333333	0.5000000000000000	0.0800000000000000	5.0000000000000000	0.0845996848661739	0.0325645388454243	0.0010500000000000
0.0333333333333333	0.5000000000000000	0.1000000000000000	5.0000000000000000	0.0956782150272204	0.0315984718978990	0.0013400000000000
0.0333333333333333	0.5000000000000000	0.1200000000000000	5.0000000000000000	0.1066846845244970	0.0314386317907445	0.0017400000000000
0.0242424242424242	0.5000000000000000	0.0400000000000000	5.0000000000000000	0.0484150134956850	0.0484150134956850	0.0006000000000000
0.0242424242424242	0.5000000000000000	0.0600000000000000	5.0000000000000000	0.0684962783688753	0.0340547259445930	0.0007200000000000
0.0242424242424242	0.5000000000000000	0.0800000000000000	5.0000000000000000	0.0837179124938520	0.0306379588991781	0.0008800000000000
0.0242424242424242	0.5000000000000000	0.1000000000000000	5.0000000000000000	0.0956782150272204	0.0296864516971744	0.0011100000000000
0.0242424242424242	0.5000000000000000	0.1200000000000000	5.0000000000000000	0.1057492333180580	0.0295452978658446	0.0013600000000000
0.0190476190476190	0.5000000000000000	0.0400000000000000	5.0000000000000000	0.0484150134956850	0.0484150134956850	0.0005900000000000
0.0190476190476190	0.5000000000000000	0.0600000000000000	5.0000000000000000	0.0684962783688753	0.0336743799704788	0.0006900000000000
0.0190476190476190	0.5000000000000000	0.0800000000000000	5.0000000000000000	0.0828551898419537	0.0299728745485336	0.0008100000000000
0.0190476190476190	0.5000000000000000	0.1000000000000000	5.0000000000000000	0.0956782150272204	0.0286464002933391	0.0009800000000000
0.0190476190476190	0.5000000000000000	0.1200000000000000	5.0000000000000000	0.1057492333180580	0.0284413432846433	0.0012000000000000
0.0156862745098039	0.5000000000000000	0.0400000000000000	5.0000000000000000	0.0496105571265565	0.0496105571265565	0.0005800000000000
0.0156862745098039	0.5000000000000000	0.0600000000000000	5.0000000000000000	0.0684962783688753	0.0340547259445930	0.0006800000000000
0.0156862745098039	0.5000000000000000	0.0800000000000000	5.0000000000000000	0.0837179124938520	0.0297575872548254	0.0007900000000000
0.0156862745098039	0.5000000000000000	0.1000000000000000	5.0000000000000000	0.0956782150272204	0.0283157775512516	0.0009200000000000
0.0156862745098039	0.5000000000000000	0.1200000000000000	5.0000000000000000	0.1057492333180580	0.0279373179709126	0.0011600000000000
0.0133333333333333	0.5000000000000000	0.0400000000000000	5.0000000000000000	0.0502310628892907	0.0502310628892907	0.0005800000000000
0.0133333333333333	0.5000000000000000	0.0600000000000000	5.0000000000000000	0.0692840646651270	0.0344439596776045	0.0006700000000000
0.0133333333333333	0.5000000000000000	0.0800000000000000	5.0000000000000000	0.0837179124938520	0.0297575872548254	0.0007700000000000
0.0133333333333333	0.5000000000000000	0.1000000000000000	5.0000000000000000	0.0956782150272204	0.0279926211450662	0.0009100000000000
0.0133333333333333	0.5000000000000000	0.1200000000000000	5.0000000000000000	0.1057492333180580	0.0274507830335860	0.0011500000000000
0.0333333333333333	0.6000000000000000	0.0400000000000000	5.0000000000000000	0.0515185080240076	0.0515185080240076	0.0007500000000000
0.0333333333333333	0.6000000000000000	0.0600000000000000	5.0000000000000000	0.0700893639390223	0.0360939163703958	0.0009400000000000
0.0333333333333333	0.6000000000000000	0.0800000000000000	5.0000000000000000	0.0845996848661739	0.0325645388454243	0.0011900000000000
0.0333333333333333	0.6000000000000000	0.1000000000000000	5.0000000000000000	0.0965978246169896	0.0311965758638332	0.0014900000000000
0.0333333333333333	0.6000000000000000	0.1200000000000000	5.0000000000000000	0.1066846845244970	0.0311063760294266	0.0019200000000000
0.0242424242424242	0.6000000000000000	0.0400000000000000	5.0000000000000000	0.0508666403855691	0.0508666403855691	0.0007200000000000
0.0242424242424242	0.6000000000000000	0.0600000000000000	5.0000000000000000	0.0700893639390223	0.0350446819695111	0.0008400000000000
0.0242424242424242	0.6000000000000000	0.0800000000000000	5.0000000000000000	0.0837179124938520	0.0310979117752243	0.0010300000000000
0.0242424242424242	0.6000000000000000	0.1000000000000000	5.0000000000000000	0.0956782150272204	0.0296864516971744	0.0012500000000000
0.0242424242424242	0.6000000000000000	0.1200000000000000	5.0000000000000000	0.1066846845244970	0.0295452978658446	0.0014900000000000
0.0190476190476190	0.6000000000000000	0.0400000000000000	5.0000000000000000	0.0508666403855691	0.0508666403855691	0.0007000000000000
0.0190476190476190	0.6000000000000000	0.0600000000000000	5.0000000000000000	0.0700893639390223	0.0348421938968090	0.0008100000000000
0.0190476190476190	0.6000000000000000	0.0800000000000000	5.0000000000000000	0.0845996848661739	0.0306379588991781	0.0009400000000000
0.0190476190476190	0.6000000000000000	0.1000000000000000	5.0000000000000000	0.0965978246169896	0.0293314482989227	0.0011200000000000
0.0190476190476190	0.6000000000000000	0.1200000000000000	5.0000000000000000	0.1066846845244970	0.0289638892710513	0.0013300000000000
0.0156862745098039	0.6000000000000000	0.0400000000000000	5.0000000000000000	0.0521879811079508	0.0521879811079508	0.0007000000000000
0.0156862745098039	0.6000000000000000	0.0600000000000000	5.0000000000000000	0.0709144417260575	0.0352497444393528	0.0008000000000000
0.0156862745098039	0.6000000000000000	0.0800000000000000	5.0000000000000000	0.0845996848661739	0.0306379588991781	0.0009100000000000
0.0156862745098039	0.6000000000000000	0.1000000000000000	5.0000000000000000	0.0965978246169896	0.0289849191465680	0.0010500000000000
0.0156862745098039	0.6000000000000000	0.1200000000000000	5.0000000000000000	0.1066846845244970	0.0284413432846433	0.0012300000000000
0.0133333333333333	0.6000000000000000	0.0400000000000000	5.0000000000000000	0.0528743836829652	0.0528743836829652	0.0006900000000000
0.0133333333333333	0.6000000000000000	0.0600000000000000	5.0000000000000000	0.0709144417260575	0.0356669420947195	0.0007900000000000
0.0133333333333333	0.6000000000000000	0.0800000000000000	5.0000000000000000	0.0854993160054720	0.0306379588991781	0.0008900000000000
0.0133333333333333	0.6000000000000000	0.1000000000000000	5.0000000000000000	0.0965978246169896	0.0286464002933391	0.0010100000000000
0.0133333333333333	0.6000000000000000	0.1200000000000000	5.0000000000000000	0.1066846845244970	0.0279373179709126	0.0011700000000000
0.0333333333333333	0.7200000000000000	0.0400000000000000	5.0000000000000000	0.0528743836829652	0.0528743836829652	0.0009000000000000
0.0333333333333333	0.7200000000000000	0.0600000000000000	5.0000000000000000	0.0709144417260575	0.0363114798743623	0.0011200000000000
0.0333333333333333	0.7200000000000000	0.0800000000000000	5.0000000000000000	0.0845996848661739	0.0323105691910645	0.0013700000000000
0.0333333333333333	0.7200000000000000	0.1000000000000000	5.0000000000000000	0.0965978246169896	0.0308048696337917	0.0017100000000000
0.0333333333333333	0.7200000000000000	0.1200000000000000	5.0000000000000000	0.1066846845244970	0.0307811485985600	0.0021100000000000
0.0242424242424242	0.7200000000000000	0.0400000000000000	5.0000000000000000	0.0528743836829652	0.0528743836829652	0.0008600000000000
0.0242424242424242	0.7200000000000000	0.0600000000000000	5.0000000000000000	0.0709144417260575	0.0356669420947195	0.0010100000000000
0.0242424242424242	0.7200000000000000	0.0800000000000000	5.0000000000000000	0.0845996848661739	0.0315718852361972	0.0012000000000000
0.0242424242424242	0.7200000000000000	0.1000000000000000	5.0000000000000000	0.0965978246169896	0.0300501537065362	0.0014000000000000
0.0242424242424242	0.7200000000000000	0.1200000000000000	5.0000000000000000	0.1066846845244970	0.0295452978658446	0.0016800000000000
0.0190476190476190	0.7200000000000000	0.0400000000000000	5.0000000000000000	0.0535798004152435	0.0535798004152435	0.0008400000000000
0.0190476190476190	0.7200000000000000	0.0600000000000000	5.0000000000000000	0.0717583179850264	0.0358791589925132	0.0009600000000000
0.0190476190476190	0.7200000000000000	0.0800000000000000	5.0000000000000000	0.0854993160054720	0.0313331061683136	0.0011100000000000
0.0190476190476190	0.7200000000000000	0.1000000000000000	5.0000000000000000	0.0975352833887659	0.0296864516971744	0.0012800000000000
0.0190476190476190	0.7200000000000000	0.1200000000000000	5.0000000000000000	0.1076377988070140	0.0289638892710513	0.0014700000000000
0.0156862745098039	0.7200000000000000	0.0400000000000000	5.0000000000000000	0.0550471341085805	0.0550471341085805	0.0008300000000000
0.0156862745098039	0.7200000000000000	0.0600000000000000	5.0000000000000000	0.0726225202435275	0.0363114798743623	0.0009400000000000
0.0156862745098039	0.7200000000000000	0.0800000000000000	5.0000000000000000	0.0864182861093407	0.0313331061683136	0.0010600000000000
0.0156862745098039	0.7200000000000000	0.1000000000000000	5.0000000000000000	0.0975352833887659	0.0293314482989227	0.0012100000000000
0.0156862745098039	0.7200000000000000	0.1200000000000000	5.0000000000000000	0.1076377988070140	0.0289638892710513	0.0013800000000000
0.0133333333333333	0.7200000000000000	0.0400000000000000	5.0000000000000000	0.0558121363490491	0.0558121363490491	0.0008300000000000
0.0133333333333333	0.7200000000000000	0.0600000000000000	5.0000000000000000	0.0735086924028766	0.0369797412650769	0.0009300000000000
0.0133333333333333	0.7200000000000000	0.0800000000000000	5.0000000000000000	0.0864182861093407	0.0313331061683136	0.0010400000000000
0.0133333333333333	0.7200000000000000	0.1000000000000000	5.0000000000000000	0.0984920861608770	0.0293314482989227	0.0011600000000000
0.0133333333333333	0.7200000000000000	0.1200000000000000	5.0000000000000000	0.1086071137659520	0.0284413432846433	0.0013200000000000
