100	10
15822.000000	 1226550.000000
 2   2   1   1   1   3   2   1   1   1  
 1  29   6  15   9  16   2  78   0  75   8  87   3  30   7  43   4  10   5  98  
 8  95   4  27   6  93   0  91   5  66   9   1   1  18   3  19   7  31   2  49  
 4  84   8  80   0  68   7   9   1  85   9  37   6  24   5  82   2  68   3   7  
 3  59   5  92   8  68   0  74   2  96   4  43   7  95   9  25   6  64   1  27  
 8  59   1  57   7  73   6  77   9  92   5  83   3  42   4  28   2   9   0  55  
 9  56   1  89   6  11   8  44   3  27   4  11   2  21   5  68   0  99   7  42  
 8  89   1  79   6   2   4  18   0  81   3  68   2  34   9  80   7  68   5  35  
 0  86   9  67   6  43   3  53   2  70   1  62   8  62   5  36   4  87   7  84  
 4  18   9  24   2   8   3  83   7  22   6  69   0  68   8  56   5  20   1  25  
 2  25   5  27   1  92   8  32   7  14   6  95   0  76   3  90   9  15   4  57  
 1  45   2  63   5  77   7  94   9   4   8  25   0   1   4  35   3  44   6  49  
 6  61   5  33   1  33   0  98   2  35   7  31   4  95   9  20   8  51   3   5  
 9  83   0  73   8  90   1  94   3  48   5  42   2   4   7  20   6  83   4  57  
 2  28   9  73   3  88   0  33   1  46   7   8   4  91   8  22   6   1   5  51  
 6  47   5  83   3  56   4  36   0  61   7  11   2   5   1  41   9  49   8  30  
 3  99   2  92   0  43   4  78   1   1   7   3   5  24   8   9   6  67   9  10  
 0  34   2  34   5  55   7  30   1  52   6  92   8  86   4  44   9  43   3  81  
 6  93   9  95   3  16   0   3   8  28   4  18   2  80   7  68   1  52   5  49  
 6  80   1  13   4  12   2  19   5  19   8  42   0  35   7  90   9   3   3  15  
 0  35   8  85   2  90   6  60   1  72   9  56   4  45   5  13   3  64   7  91  
 0  62   8  84   6  62   1  60   2  20   7  19   9  79   4  92   5  59   3   2  
 1  66   7  86   3  16   4  65   5  50   6  97   2  65   8  75   9  85   0  56  
 5  71   1  77   4  15   8  90   6  50   9  79   7  67   0  33   2  57   3  84  
 9  30   3  33   5  82   6  44   1  33   4  15   8  68   0  17   2  56   7  93  
 6  55   0  14   8  23   7  92   2  42   9  18   5  16   1  33   3  64   4  17  
 2  14   3  46   7  35   8  55   1  73   4  20   0  12   9  40   6   2   5   5  
 0  87   5  29   4  82   6  15   9  38   1   5   7  96   3  24   8  41   2   2  
 0  66   3  19   2  87   7  69   6  81   5  66   9  65   8  86   4  85   1  85  
 1  94   6  94   8  22   7  90   9  29   3  11   5  43   0   6   4   1   2  96  
 9  69   2  46   4  91   1  67   3  91   7   8   6   1   8  48   5  30   0  31  
 6  63   2  14   8  61   4  19   0  57   3  17   1   4   5  51   9  62   7  21  
 4   3   9  70   7  93   0  82   2  30   1  29   8  23   3  30   6  37   5  38  
 4  86   8  45   3  99   0  23   9   2   1  78   2  50   5  16   6  43   7   2  
 4  77   2  65   3  79   9  32   8  62   5   6   1  88   7  62   6  80   0  76  
 4  86   2  89   8  84   6  72   7  18   1  73   5   6   9  86   0  20   3  12  
 5  14   7  75   3  47   6  15   8  50   0  72   2  38   9  35   4  35   1  38  
 6  32   7  57   5  69   3  53   8  91   1  88   0  72   9  43   4  49   2  98  
 6  90   4  21   0  70   8  87   3   9   1   4   5  14   7  61   9   7   2  49  
 7  72   2  25   9  37   4  32   6   6   3  74   1  22   8  23   0  98   5  63  
 0  44   4  14   7   9   5  66   3  64   1  62   6  61   8  66   9  96   2  27  
 6  84   9  54   5   3   7  47   4  12   2  58   1  93   8  28   0  17   3  54  
 9  98   3  29   7  18   5   7   6  97   1  76   8  39   4  14   0  77   2  87  
 0  83   3  18   2  27   9  94   8  64   1  79   5  23   4  13   6  73   7  63  
 9  69   6  82   5  32   4  60   3  54   8  42   0   6   2  16   7  48   1  15  
 6  26   7  93   0  39   8  17   4  11   9  64   1  47   3  28   2  86   5  19  
 9  99   3  16   1  54   2  79   0  66   4  64   5   4   7  92   6  58   8  78  
 4  97   0  44   2  19   5  74   8   7   3  82   1  36   6  23   7  93   9  64  
 9  34   6   6   7  91   4  93   5  15   0  41   1  84   8  62   3  26   2  48  
 0  76   5  46   4  47   3  34   2  95   7  59   9  96   6  76   1  99   8  89  
 8  46   7  22   1  72   2  45   5  44   3  33   4  90   0  15   9  46   6  68  
 2  30   9  19   7  84   0  74   4   3   5  96   8  90   1   2   3  72   6  33  
 0  83   5  35   2   8   8  14   3  28   1  77   6  78   4  35   9  79   7  38  
 0  39   7  15   8  57   3  52   2  81   6  31   9  82   1  32   5  52   4  15  
 1  70   5  48   3  48   7  36   8   5   4   5   0  68   9  19   2  77   6  40  
 4  24   5  35   7  47   8  32   2   9   1  63   9  82   3   6   6  98   0  45  
 7  79   0  45   5  55   3  70   4  36   1   3   9  22   2  71   6  81   8  45  
 0  28   9  84   7  89   4  83   1  15   6  47   3  47   5  19   2   9   8  67  
 2  86   3  21   0  20   1  92   9  41   6  21   8  64   5  83   4  21   7   3  
 6   6   1  78   9  49   0  97   3  27   7  17   4  60   2  13   5   8   8  35  
 3  35   1  24   6  89   8  58   2   4   5  16   0  11   4  71   9  72   7  52  
 6   7   9  64   7  87   2  20   3  62   0  51   1   7   5  65   4  76   8  23  
 9  41   2  79   6  47   4  49   5  85   3  98   7  69   8  53   0  89   1  12  
 4  65   6  74   0  72   1  16   2  48   9  46   8   6   3  46   7  64   5   5  
 9  66   1  50   5  12   0   9   8  77   3  20   4  88   6  66   2  93   7  86  
 3  29   4  87   1  79   5  37   0  23   8  90   9  61   7  60   6  16   2  71  
 8  47   2   3   6   1   3  33   4   2   5  22   1   5   9  48   7  77   0  97  
 6  74   1  79   0  84   7  14   4  18   2  88   3  46   9  72   8  19   5  10  
 0  46   8  99   4   5   2  96   9  51   5  64   7  93   1  17   6   4   3   9  
 7  99   4  25   5   9   3  80   2  79   9  24   6  49   0  42   8  47   1  17  
 9  36   2  78   5  59   6   2   8   6   7  27   4  86   3  51   0  38   1  30  
 0  85   3  25   4  36   8  89   7  66   9  15   2  84   1  65   6  19   5  56  
 8  66   6  48   9  89   5  48   4  28   0  77   3   3   7  72   1  56   2  92  
 6  36   2  50   4  91   8   3   0  65   9  72   7  10   5  69   1   7   3   7  
 6  65   3   8   5  28   4  83   1  18   2  89   0  73   8  90   7  80   9  61  
 5  48   3  36   6  27   2   7   1  97   9  61   7  43   0  41   4  25   8  85  
 2   7   1  85   3  86   8  62   9  85   5  18   0  18   6  18   7  62   4  37  
 2  92   6  85   5  61   4  36   1  97   9  60   3  42   0  11   7   9   8  41  
 1  53   3  50   4  58   6  66   2   4   9  43   0  76   5  60   8  42   7  55  
 0   2   8  60   6  77   1   1   9  27   5  59   3  11   7  61   2  64   4  84  
 3   3   4   1   2  18   0  88   5  85   1  70   7  99   9  94   6  44   8  92  
 5  87   2  81   9  82   8  36   3  23   6  24   1  45   4  28   7  72   0  76  
 5  40   2  52   3  54   6  36   8  64   1  57   9  62   0  85   4  96   7  55  
 4  40   5   8   6  80   9  59   7  11   2  28   1  32   8  48   3  31   0  19  
 9  37   7  52   5  64   4  28   2  14   1  28   6   7   8  27   3  64   0  38  
 8  17   4  65   9  18   6  20   0  61   7  47   1  83   5  65   2  19   3  45  
 1  72   4  31   9  14   0  81   8  78   3  86   2  15   7  51   6  90   5  98  
 0   1   7  69   5  21   1  43   4  48   9  26   6  27   3  33   8  52   2  93  
 2  32   7  29   0  55   8  55   6  57   9   7   5  47   1  45   4  88   3   4  
 6  60   4  59   1  28   5  74   0  73   9  56   3  66   2  61   7  61   8  75  
 1  12   5  40   7   1   6  63   9  61   4  88   2  40   0  71   3  96   8  40  
 9  94   4  57   6  48   7  60   1  44   2  34   3  93   8  18   5  54   0  15  
 6  50   4  31   5  62   1  32   3  36   8  74   7  63   9  94   2  13   0  46  
 7   2   0  30   5  87   1   7   8  73   3  11   2  37   4  74   9  77   6  31  
 4  87   2  44   0  89   5  44   1  62   6   8   7  79   8   8   3  17   9  34  
 1  70   9  69   0  67   2  59   8   3   6   3   7  16   4  64   5  20   3  27  
 5  50   0   8   6   4   9  44   1  85   7  44   4  64   3  35   8  34   2   1  
 5  47   1  13   3  95   6  66   0  38   4   5   7  30   9  30   8  15   2   4  
 9  71   8  31   3  28   1  80   7  38   5  82   6  39   4  17   2  55   0  17  
 6  40   4   7   8   8   9  18   5  88   0  13   1  42   7  97   2  95   3  70  
 3  15   1  44   8  29   0  51   6   6   2  80   7  65   5  83   9  19   4  32  
