50	10
9423.000000	 333148.000000
 2   2   1   1   1   3   2   1   1   1  
 6  25   3   8   7  29   9   7   1  73   0  36   4  92   2  70   5  60   8  98  
 7  24   3  53   6  90   4  14   0  12   5  52   8  30   1  56   9  48   2  59  
 4  42   6  29   2  93   5  51   7  97   9   8   8  48   1  11   3  19   0  24  
 1   9   7   3   6  21   8  92   0   1   4  86   5  54   9  60   2  66   3  84  
 3   5   2  73   5  29   0  91   1   2   8   6   4   9   7  66   6  68   9  47  
 8  57   4  49   7  24   6  95   0  68   5  92   9  87   1  39   3  55   2  23  
 5  59   1   6   3  77   4  34   7  53   2  75   0  93   6   1   9  97   8  23  
 9  20   8  54   3  33   0   5   1  92   7  85   6  92   5  40   4  59   2  26  
 9  78   0  57   4   4   6  51   7  88   3  97   5  20   8  80   1  62   2   5  
 5  56   0  10   4   9   6   6   8   7   7  64   2  44   9  90   3   9   1  91  
 1  77   3  93   0  91   2   8   8  42   4  53   7  33   6  13   9  62   5  19  
 3  71   8  99   9  46   6  67   1  56   4  59   5  23   7  37   0  54   2  10  
 2  90   6   4   0  74   4  69   3  52   7  79   5   1   8  61   9  25   1  71  
 0  35   4  28   2  59   8  93   5  14   9  57   7  99   1  64   6  68   3  97  
 6  13   8  66   9  84   7  54   2  27   0  26   1  33   3  17   4  63   5  36  
 4  93   6  21   2  79   7  23   0   3   8  71   5  53   3  23   1   5   9  93  
 0   7   5   9   1   5   9  82   8  62   7  69   3  74   4  17   6  80   2  94  
 6  59   7  31   0   2   2  75   4  68   9  61   5  52   3  43   8  45   1   6  
 6  97   9  53   8  53   5  32   4   4   7  21   3  90   0  65   2   1   1  58  
 3  18   4  31   8  43   6  66   2  57   1  24   9   1   5  24   7  28   0  82  
 6  41   3  58   0  65   9  25   8  94   7  42   1  14   5  39   2  90   4  55  
 1  60   0  89   4  75   7  59   5  73   8  51   9  24   2  73   6  91   3  30  
 7  50   4  84   5  63   9  46   2  14   6  93   3  19   8  57   0  29   1  88  
 2   6   0  33   5  66   8  90   3  94   6  50   7  67   4  67   9  40   1  67  
 3  11   7  76   9  52   6  86   5  32   2  81   1  27   4  80   0  73   8  29  
 0  48   5  65   3  64   9  31   8  98   7  84   2  59   1  34   4  99   6  42  
 2  82   6  53   7  38   4  61   1  12   3  79   8  86   0  89   5  97   9  66  
 1   1   8  95   9  84   4  50   3  33   0  61   6  34   7  89   2  93   5   1  
 7  58   1  82   8  68   3  85   6  78   5  78   0  92   9  54   4  85   2  72  
 0  31   2  50   7  81   9  52   3  96   4  21   5  64   6   4   8  93   1  46  
 8  86   6  57   0  76   3  89   5  13   1  48   4  90   7  41   9  26   2  55  
 9  96   1   7   3  51   2  56   6  10   5  28   0  67   8  25   7  48   4   4  
 0  15   3  53   5  50   7  85   6  68   4  96   8  88   9  47   2  84   1  44  
 7  82   1  22   4  61   2  23   0  65   3  38   5  84   8   7   9   3   6  63  
 0  99   8  48   7  81   9  66   3  81   2  53   4  22   1  32   5   3   6  39  
 9  87   3  32   1  98   7  50   0  12   5   8   2  82   8  30   6  49   4  86  
 3  45   5  46   8  25   9  58   6  47   1  39   4  82   0  80   7  49   2  13  
 1  62   8  54   0  23   4  36   6   8   3  70   5  99   7  43   2  56   9   3  
 1  40   2  61   9  11   5  28   8  94   7  13   6  23   0   7   3  88   4  16  
 4  86   7   3   1  64   3  43   5  10   2  37   8   5   6   6   0  29   9  72  
 3  75   4   5   1  76   9  36   6  28   2  97   7  33   8  61   5  44   0  53  
 1  59   4  48   2  95   7  68   0  88   8  11   5  18   6  76   9   5   3  58  
 7  75   8  82   0  99   9  48   4  82   6  60   5  83   2  97   3  71   1   7  
 9  24   4  97   5  17   3  44   2  98   8  99   7  61   1  20   0  22   6  64  
 5  37   0  76   3   5   7  73   2  36   4  76   1  75   6   5   8  94   9   7  
 6  63   4  60   0  68   3  25   2  99   8  13   9  94   7   1   5  34   1  90  
 8  50   9  37   2  92   4  90   6  18   3  72   0  64   5  99   1  26   7  18  
 1  87   8  68   4   8   2  85   3  11   9  55   0  38   7  87   5  27   6  94  
 1  93   2  42   8  72   3  84   4  56   9  59   0  60   5  24   7  74   6  18  
 4   6   2  94   5  88   7  39   6  55   3  73   9  84   0   8   1  63   8   9  
