50	50
16915.500000	 333816.000000
 2   2   1   1   1   3   2   1   1   1   1   2   2   1   3   2   3   1   1   3   2   1   3   1   1   3   1   1   3   1   2   2   2   3   3   3   2   2   3   2   2   1   2   1   2   1   2   2   2   3  
37  84  27  65  22  58  44  53  32  90   7  28   1  61  31  21  29  59  12  63  20  69  46  47  34  91  18  90   3  39  21  88   2  84  33  43  15  86  26  77  48  74  42  86   4  99   0  93  13  44  35  69  16  64  24  23   5  23  23   2  17  20  40  13  14  19  45  93  19  12  49  67  25  66   8  61   6  69   9  35  47  96  38  68  28  89  41  96  10  42  39  41  36  16  43  25  30  32  11  31  
23  95   0  13  34  75  41  91  40  68  26  94  28  85  13  94   1  47  21  12  14  63  11   1   7  28  43  68  20  37  30  51  32  57  48  31  44  62  24   3  49  54  47  98   8  98  46  13   2  30  12  86  22  51  25  99  19  82  42  71  29  43   3  59  39  73   4  33  38  90  16  56  36  78  45  12   5  27  10   8  33  24  18  21  17  83   9  21  35  70  27  83  31  14  37  84   6  74  15  34  
48  99  45  75  14  48  44  26  34  84   4  47  11  73  21  99  20  60   0  20  40   7  30  19  49  85   7  20  18  33  29  89  42  65   3  37   8  78  17  56  31  82  10  83   9  89  12  38  38  71  25   2  28  17  26  11   5  73  32  34  13  69  27  46  39  70  35  63  23  34  43  39  22  46   2  95  36  70  19  62  24  66  41  50  16  88  37   5  46   6  15  13   6  16   1  46  33   4  47  67  
13  24  48  60  32  75  35  92  47  21  12  19  14   8  33  35  25  27  18  86  41   8   1  16   6  77  27   4   5  57  11  16   8  21  49  13  39  62  19   8  37  48  28  55  38  24  10  23  46  45  24  11   4  35  34  40  15  94  17  61  31  95   0  78   3  54  44  40  26  95  16  41  30  47  42  50   7  88  40  35  45  74  43  85  29  29   2  79  21  14  20   1  36  99  23  84   9  13  22   1  
43  82  47  58  14  72  13   3   7  78  27  21  15  69   9  67  23  10  21  29  40  83  41  95  20  41  35  93  49  30  42  75  10  28  28  16  29  10  30  43  19  94   4  33   5  67  33  83   6  45  34  86  12  79  17  37  25   8   8  12  36  89  24  29   2  48  18  12  39   2   1  55  22  32  16  37  32  47  38  92  44  93   3  35   0  88  11  40  37  27  48  73  46  76  45  10  26  67  31   2  
39  96  45  84  37  66   4  31  49  16  17  97  35  82  10   6  32  36  28  60  33  60  25  36   6   6  44  67   8  44  30  54  42  80  46  43   2  96  26  23  24  68   0  49  36  44  12  56  40  90   7  35  43  66  22  90  41  25   5  17  31  25   9  52  16  42  20  30  29  10  18  29  34  71  21  93  47  70   3  54  13   2   1  90  23  75  48  23  15  36  14  49  19  42  27  57  11  74  38  18  
 9  58  38  47  13  50  41  37  21  93  49  67  42  87  31  58  46  82  43  88  29  79  19   6  24  10  12  37  28  70  11  97  30  68  23  75   6  31  14  26  40  29  32  80  36  88   8  52  25  81  35  22  48  20   3  46  17  32  44  27  33  65  27  34  34  57  16  46   0  41  47  66  26  38  37  79   5  10  18  28  45   9  10  36   2  98   1  99  15  80  22  49   7   3  39  67   4  10  20  35  
14  34  30  17  36  22  27   4  20  40  29  84   8  91  26  80  42  52   7  91  49  92  17  67   2  59   9   2  21  13  31  52  44  89   1   4  41  21  48  24  25  57  33  12  19  84  45  69  10  43   6  75  32  78  40  68  22  40  47  71   4   7  46  60  43  41  34  26  24  88  11  75  28  93  35  11   5   2  38  74  16  53  18  33  23  53   0  93  13  73  15  51  37  94   3  79  12  37  39  22  
33  59  14  76   2  66   3  30  34  24  10  74  45  13  11  18  40  93  25  33  13  12  21  83  29  38  31  76  19  56  12  16  48  60   1  71  39  72  38  61  35  52   0  22  18  10   9  60  43  79  37  11  24  39  36  82  16  96   6  59  15  77  23  13  41  75  47  26   7  15  26  69  42  69  30  70   4  67  20  91  44  28  27  35   5  61  32  20  28  98  49  53   8  56  46  29  17  66  22  40  
34  56  15  33  27  41  31   7  39  63  19  57  38  54   4  32  48  70   6  92  13  22  40  85  33  66  37  67  25  30  23  87   2  89   9  14  24   7  44  74   5  73  32  74  20  13  29   7   3  39   7  32  14  55  22  21  45  72  47  25   8   8  36  64  46  32  18  21  41  18  21  41  26  90  10  95  12  60  11  36  43  61  30  82  49  79  17  92   1  16  42  14   0  22  16  56  28  68  35  55  
27  93  37  74  43  28  49  63  31  51  38  50  33  93  36  92  25   4  17  83  16  48  46  50   1  42  18  13   3  35   4  44  21  28   8  54   7  90  10  26  40  18  41  87   0   6  23  49  20  52   6  78   9  65  13  62  35  78  28  50  22  70  11  92  26  56  32  40  29  66  30  38  19  21   5   2  24  98  34  46  12  95  42  52  15  87  48  95  44  49   2  91  45  16  14  63  39  73  47  18  
47  89  37  25   7  57   0  85  44  96  15  89  27  90  41  12   2  17  33   1  22  32  32   8  13  44  10  57  45  73  14  49  24  12  16  83  34  34  38   5  30  97  39  37  35  70  46  25   3  95   5  56  42  40  18  21  25  34  29  90  12  31  11   5  20  92  19  55  21  60  36  84  31  32  26  87  40  84  48  13  49  41   6  59  43  62   1  34   8  90  23  70  17  74  28  33   4  51   9  10  
 8   8  30  10  18  89  35  52  22  56   7  20  24   2  33   8  14  90   5  87   2  92  47  68  19  25  48  39  21  85   3  93  25  25  28  22   6  60  36  18  31  58  41  98  45  92  13  86  12  46   1  87  40  85  43  36  26  61  32   9  11  73  42  90  27  57  17   2  29  16  37  88  49   8  46  86  39  88  23  16  44  89  15  32   0  21  16  31   4  23  38  64  20  26   9  98  34  93  10  45  
41  14   5  65   2  10  35  27  39  30   7  67  20  61  32  95  28  38  48   5  26  51  22  50  17  84   9  49  19   1   6  41   4  44  45  94  31  22  49  15   3  62  29  65  18  66  46  10  10  38  24  25  33  96  34  67  25   9  43  56   0  50  36  23  23  54  27  23  47  82  12  84  38  89   8   2  14  95  30  78   1  72  40  24  42   6  21  40  13  47  37  43  11  30  44  11  15  47  16   6  
 6  59  35  32  38  19  41  80   8  72  40  66  28  48  29  69  17  87  37  45  27  22  10  99  33  64  34  81  36  54  26  22  48  69  11  67  18  32  31  56  16  33  32  18  24  23   5  86  42  83  49  53  44  94  13  24  21  68   3   7   9  83  46  27  19  15  45  54  23  15  20  51  25  57   2  10  30  20  12  65  47  82   1  51  15  35   4  85  39  87   0  64  14  84   7  43  43  55  22  23  
49  35  32  54  25  54   9   9  48  82  18  35  34  68  14  59  46  56  37  41  10  78  31  37  38  94  15  66  12   6  23  67  30  43   0  33  11  22  35  15  16  78   1  98  43  59   5   9  42  81  17  10  21  68   6  81  33  86  26  94  39  82  22  17   8  41   7   7  29  76  44  40   4  31  20  31  13   4   3  63  47   5   2  87  45  98  41  79  40   8  28  70  19  23  24  44  36  74  27  84  
19  30  49   4  46  99  47  33  20  53   2  22  21  12  11  85  37  41  35  18  45  17  14  18  42  25  36  77   9  71  32  61  31  75   0   1  22  46  18  19  12  56  16  23  13  26  34  93  40  94  24  29   6   7   1  20  30  53  17   7   8  84  39  81   7  40  23  27  25  63  41  24  27  79  44  10   4  47  38  25  29  70   3  63  48  10   5   3  26  74  43  80  15  12  10  55  28  14  33  92  
20  84  25  47  26  27  12  24  41  77  16   4  31  89  28  21   2  44  40  69   6  96  14  95  37  23  17  61  43  46  47  97  35  46  42  71  19   8   7   1  15  99   8  86  32  42  33  91   0  87  29  59  27   6  30  35  38  83  48  96  24  39  39  58   3  23   1  21  10  22  22  15  34  69  46  47  18  63  49  26  13  19  36  47   9  68  45   3  44   1  23  20  11  38  21  12   4   5   5  85  
25  15  22  45  17  86  23  31   7  86  24  29   3  31  44  75  33  62   0  63  38  38  19  29  20   3  37  79  18  32   6  48  36   8   4  67  11  65  34  44  12  47  10  52  28  16   9   8  45  76  21  85  31  62   2  69   8  73  26   3  29  75  27   2  13  28  41  92  46  11  48  10  16  21   1  44  42   5  49  33  40  95  15  27  39  71  35  27  43  57  47   4  32  93  30  26   5  69  14  72  
42  68  45  86  36  62  44  98  18  74  10  95  48  73  31  89   4  30  34  71  41   5   8   5   0  93  17  42  37  10  26  53  43  22  39  15  35  34   9  23  40  72  32  63  49  78  29  59  16  48   1  67   7  91  27  93  23  61  38  60  30  49   2  56  20  64  19  89  46  93  13  38  47  54  11  53  28   3  12  68   5  64  15  18   6  21  21  17   3  30  25  68  24  81  22  50  33  48  14  53  
35  17  33  52  18  47  39  48  47  49  38  29  43  66  13  96   3  51   2  79  48  94  28  20  16   2   4  75  27  49   9  91   0  35  15   3  17  77  40  68  30   5   1   5  42  41  19   5  31  77  20  21  24  78  23  30   6   4  44  54  32  22   7  65  11  10  34  87  41  50  21  31  29   2  22  75  37  80  14  10  45  48  49  95  10  84  46  91  12  75  36  71   8  19  25  24  26  15   5  56  
22  18  33  78  37  11  10  78  20  33  21  68   4  34  18  44   7   1  36  51  15  94  28  43  14   5  39  29  17  86  34  28  38  88  16  44   5  31  23  13   2  54  43  17  31  47   1  75   8  77  45  64  30  68   6  92  27  41  40  88  49  68  32  13  35  41  44  24  25  88  46  44  24  53  12  27   3  95  41  37  48  30  29  45   0  66  19  13   9  81  13  50  42  47  47  53  26  74  11  97  
26  46   4  40  41  77  11  20  16  90  48  34  40  84  23  11  32  77  28   7  13  59   1  88  22  99  19  67   0  11  43  63  14  83   6  43   9  44  33  87  34  27  10  52  31  10   5  95  42  40  24  98  45  40  17   5  49  86  38  82  18  76  39  46  12   4  21  70  37  80  30   1  20  81   8  75   2  73  46  40   3  61   7  39  27  43  29  20  35  68  44  84  47   7  15  65  36  33  25  55  
 3  54  28  78  45  17  33  64  10  38  31  15   4  94   0  86  22  77  34  58  41  66  18  85  30   3  12  10   8  29  46  61  43  47  19  16  26  21   1  62  39  32  13   2  36  85   9  56  24  64   5   3  42  93  35  50  23   3  25  78  32   6  49   9  21  79  44   9  14  11  17  80  16  99   7  82  47  99  29  73  40   1  27  97  11  31  20  94  48  79   6  82   2  19  15  78  37  20  38  80  
19  25   3  69  38  51  47  20  49  73  36  96   0   2  23  58  37  50  30  98  12  36   2  32   4  81  44  73  15  27  10  12  35  66  43  10  45  53  18  29  24   8  22  68  13  60  28  59  40  47  41  83  20  98  33  81  21  10  14  70  31  96   9  28  46  27   7  14  11  51  26  17  27  22  48  58  42  19  39  48  34   1   1   9  32  15   5  79  29  21  16  63  25  57   6  52  17  13   8  85  
 1  20  39  15  21  67  30  13  18  21  26  79  13  66  37   5  32  13  47  15  16  46   4  84  33  83  46  80  23  40  36   1  43   4   5   4  15  67   0  26  42  43  19  49  41  91  38  97   3  99  12  13  22  30  17  87  35  82  45  12  11  38  49  75  29  26  44  20   6  26  28  25  14  74  48  58  40  14  31  61  10  52  20  50   8  82   2  66  25  34  34  81   7   7  27  42   9  98  24  13  
30  81  10  54  29  11  15  38  17  55  42  51   5  14   8  70  14   6  19  51  12  89  47   5   2  47  36  41  32  96  41   9  23  12   1  65  18  30  35  72  43  37   0  67  27  34  48  48   4  40   6  59  34  59  24  64  46  10   3  74  38  42  20  12  28  17  49  33   7  64  16  64  37  59  25  61  21  19  13  18  33  17  40  89   9  42  45  56  26  13  44  35  11  15  22  54  39  12  31  38  
17  27  24  25   0  18  23  47  45  21   1  27  20   7  42  91  29  38  21  71  30  97   9  20  15  64  32  77  49  12  19  23   3  12   8  99  34  74  39  65  35  24   5  64  31  60  10  42  25  31  44  69  37  73  27  21   6  34  41  40  33  60   2  99  48  97  16  14  43  79   7  36  11  30  38  27  40  31  26  31  46  72  18  37  47  88  13  31  14  41  28  48  36  39   4  66  22  19  12  27  
 1  37  41  53  21  42  39  12  19  53  22  79  36  74  45  47   5  16   3  14   8  28  31  90   2  75  26  88  38  81   4   8  27  63  24  58  35  33  40  84  42  68   9  39  18  53  30   6  13  67  48  56  33  41  15  18  43  72  16  63  28  35  47   7  37  70  10  52  32  78  20  19  49  15  12  80   0  89  14  57  46  84  23  30  29  89  44   6  17  74   7   3  11  60   6  24  25  74  34  58  
44  69  41  11  43   8  31  91  35  89  27  61  17  76  10  53  12  15  39  93  38  73   6  33  42  37  16  51  46  97  22  78  32  83  26  32   8   3  24  34  25  29  29  47  47  42  30  94  40  89  49  73  36  18  48  67  23  77  20  39   9  52  28  91   2  78  18   5   7   9  21  11  33  72  34   4  11  56  19  14   0  74   3  73  15  27  37  96  14  13   4   6   5  66   1  42  13  28  45  87  
25  12  22  17  35  54  33  40  46  57  23   8  29  61  44  22  16  90  15  23   3  72  27  84  34  37   2  21  20  63  21  77  48  73  14  95   9  14  12  26  26  16   1  46   0  93   8  97  39   8  42  94  38  76  11  22  13  91  17  93   6  78  40  98  41  62  49  57   4  38  45  24  31  50  19  46  47   3  30  76  28  11  24   1  43   2   5  96  37  46  10  85  18  96  32  93  36  73   7  65  
22  45  35  79  13  99  25  38  46  25  38  17  43  48  27  84  16  59  37  70  11  56  17  71  12  12  39  34  20  50  19  98  30   8  29  61   0   2   8  85  21   8  40  99   3   3   6  64  48   9  10  96  24  15  26  12  14  28  45  89  41  36   2  30  33  79  47  77  28  28  18  88  49   7  42  71  23  81  15  74  32  49   1  60  34  58   4  31   5  69  31  92  44  17   9  12   7  36  36  40  
47   1  48  61   1  64  42  59  44  86  41  62   8  12  19   2  16  73  14  13   6  93  27  35  36  57  30  51   5  72  18   5  40  14  38  89  33  10   0   6  31  96  45  60  11  55  23  38  39  71  43  96  22  32  37  97  34  94  25  75  49  25  26  92  20  34  13  26  17  28   7  45  24  23   3   2  35  96  12  99  15  58  28  22  32  95   9  45   2  88   4  48  10  56  21  85  29  37  46  69  
 7  61  35  17  23  53  47  19  43   1   2   4  33  96  36  96  30  26   8  76  15  57  31  91  48  79  25  38  19  69   6  39   9  59  13  71  38  98   4  92  29  63  18  51  22  82  24   2  10  62  39  11  34  15   1  11  17  96  28  93  21  61  49  32  16  75   3  59  40  84  37  17  14  10  46  50  45  78  20  26  27  30  41  85  12  78  42  62   5  62  44  65  11  81  26  24   0  13  32  77  
43   4  37  26  26  18  16  52  35  72  12  55  47  62   0  88  13  51  39  12  45  32   5   5  46   3  10  11  44   5  38  50  17  10  14  61   1  45  49  16  24  77  42  61   7  23  28  19   3  30  29  17  48  29  22  99   9  63  27  55  18  53   8  19  19  59  15  56  32  40  20  17  25  89  36  89  30  46  34  99  11  99  31   6  33  92  21  39  40  17  41   3  23  25   2  94   6   7   4  69  
47  45  25  15  40  34  30  91  15  68  27  60  12  22  28  98  11  23  49   9  31  31  23  10  44   6   7  12  17  58  41  75  37  81  35  89  10  13   8  92   2  25  19  64  26  72  29  97  36  39  13  94   5  51  39  63   6  11  48  13  38  30  42  11  16  79  43  14   1  95   3  23  18  46   0  37   4  51  32   8  22  58  20  79  45  17  21  60  46  78  33  79   9  23  14  14  34  75  24  43  
48  92  15  59  10  21  17  58  12  24  30  21  25  57   1  44   4  97  16  35  35  77  38  84  40  30  49  54   9   5  41  71  29  48  20  93  13  21  34  76  37  75   2  19  19  95  14  52   5  23  24   1  36  51  46  69  27  80  32  12  11  67  18  64  31   8  39  66  44  36  43  23  42  61  21  71  26  45  45  98   3  68  33  47   8  70  22  66  47  21  23  33  28  73   0  68   6  55   7   9  
32  85  18  37  22  57  34  87   0  43   7  47  12  36  48  76  25  84  14  77  35  13  11  98  27  10  10  77  37  78  44  63  29  83   2  70  38  99  17  15  16  19  45  52   6  25  41  67  19   7  49   4   8  63  42  97  39   4  40   9  43  75   3  43  26  35  36  11   9  22  13  75  20  50  15  64   4  19  46  20  30  98  28  39  23  48   5  11  31  71  21  86  47  18   1  33  33  88  24   4  
14  97  23   8  39  15   5  94  41  31  40  37  24  14  15  24  36  80  12  18   3  84   8  43  19  31  35  72  10  86   6  35   1  60  37  47  42  69  20   4   2  64  17  27  46  46  44  65   4  99  43   9  18   6  34  58  49  14  31  80  11  24  21  32  47  37  26  46  16  39  45  26  30  69   7  96  28  46  38   6  13  58  22  45  33  58   9  81  32  33  48  93   0  14  27  36  25  28  29   3  
31   5  39  33  38  53  27   3  24  56  32  19  11  42  14  68  28  97  26  99   9  88  37  56   8  73  43  32  33  37   5   1   6  80  20  54  30  95   7  53  21  24  19  54  35  26  22   6  25  76   4  94   2  94  10   8   0  29  44  97   3  21  40  76  16  20  12  84  13  52  17  60   1  15  45  14  49  23  46  13  29  22  23  29  18  60  41  82  34  33  15  79  48  49  47  48  42  68  36  86  
 8  75  16  73  34   3  21  52   0  17  32  27   4  47  26  93   1  96  11  74  40  52  44  18  47  22   2  21  30  22  25  75  38  53  46  73  19  18  23  38  49  82  29  46  10   7  31  77  39  69  15  65  37  10  14  21  17  25  22  13  27  17   5  50  36  97   9  44   3  26  20  45  41  19  12  96  35  10  45  46  13  44  42  68  43  81   6  25  18  47  33  32   7  84  28  73  48  30  24  45  
10  95  37  78  17  64  30  99  31  44  23  82  22   2  24  58  38  41   9  54   8  42  43   4  40  88  18  98  46  31   1  26  25  23  14  10  41  74  36  53  34  30  42  36  47  10  21  63   3  67  15  99   2  16  45  97   5  47  27  48  49  13  32   8  19  94  11  30  20  60  48  57  39  65  44  13   7  12  33  40  16  22   6  34   4   5   0   3  35  19  12  44  13  58  28  72  29  82  26  15  
42  62  36  51  47  13  33  22  31  99  19  39  43   4  10  45  15  54  38  86   1  73  14  72  29  19  44  13  40  20  23  20  48  24  49  79  26  54  34  66   4  27  16   4  27   3   2  82   3   3  28  96  37  53   9  22  41  40  20   8  21  82  35  85  45   7  25  10  17   1   6  92  46  73   0  61  18  65   7  39  22  42  30   1  39   1  24  38  13  79  11  53  12  31  32  99   5   8   8  45  
 1  65  37  85   3  32  25  60  10  22  45  74  18  25  43  17  23  71  30  14  19  21  47  17  13  72   5  18   9  32  39  37   7  86  20  86  14  75  36  49   6  53  40  94  21  68  41  91  33  98  48  11  15  76  11  52  16   2  27  63  49  24  44  18  31  30  12  11  26  44   0  50   4  32   2  51  42  71  22  81  38  19  34  37  17  14  46  32  35  65  32   9  24  17   8  83  28  16  29  28  
18  40   9  71  13  93  37  95  24  50  25  63  32  76   6  52  47  68  46  61  19  15  49  84   8   1  41  73  42  76  15  52  12  95  23  78   5  36   1  32   4  43  36  82  14  60  45  54   2   8  27  51  40  86  28  66  43  28  17  95  16   5  31  93   7  89  21  38   3  17  20   1  34  37  39  36  10  29  22  83  44  12  29  49   0  72  33  72  35  23  11  17  38  11  48  70  30  75  26  20  
26  68  18  77  28  40   9  22  32  63   3  88  33  45  17  46  48  91  36  99  37  54  44  84  45  31  27  50  41  26  42  10  11  86  47  34  13  34  49  95  12  12  23  62  40  53  15  11  25  89  35  42   6  29  20  15  43  62  29  60  34  44  14  26   1  62   0  84  21  94  16   3   7  49  22  38   4  30  30  32  31  24   2  45   5  86   8  58  46  74  19   2  10  46  24  36  39  78  38  94  
18  64  28  60  29  11   2  70  32  88   8  19  43  70   4   5  47  26   9  66  10   2  34  77   3   4  13   7  41   6  12   9  16   6  27  28  33  94  39  18  31  64  22  36  49  22  11   6  30  67  42  63  15  37  36  13   6  51  25  43  26  76  46  38  14  37  24  61   7  19  23  94  37  50  35  70  17  94   0  17  21  13  20  29  40  81  19  68  44  89  45  98  48  60   1  71  38  24   5  25  
49  95  38  88   0  83   6   9   1  94  30  63   7  30  46  57   3  80  42  33   5   7   2  83  20  14  29  71  22  71  31  81  19  69  37  21  28  53  10  58  26  98  14  97  39  89  17  96  12  17  40  82  41   6  21  53  43   7  48  19  18  28  35  80  34  59  45  52  15  93  24  78  33  16   8  14   9  34   4  82  25  98  44   5  23  29  16  33  13  67  27  72  11  34  47  99  36  96  32  80  
 8  58  36  96  19  72  39  67  35  88  49  63  37  31   4  83  29  27  41  53  17  51  18  94   2   7  15  79  10  53  31  60  20  19  11  77   1  25  44  80  30  95  16  49  21   6   5  46  47  47   6  91  25  93  33  87  23  70  27  38  22  90  13  47  12  13  34  45  28  82  14  31  26  13  46   5   7  83  40  93  42  23  43  63   0  65  38  20  32  55   3  44  48  40  45  94   9  82  24  24  
16  94  38  10  49  12  32  99  37  73   3  46  33  67  40  80  26  48  22   8  47   7   7  16  27  69  46  42  12  66  25  61  11  76  14  64  28  61  42  87  15  30   2   2  19  60  31  88  23  14   6  60   5  81  43  93  17  75  30  92  13  39   0   8  34  85  35  70   1  74  24  78  10  96  41  62  18  32  29  73  39  65  36   7  44  16   4   2   9   3  21  16  45   3  48  35  20  82   8  30  
