0.31001830101013184000000000000000 10.45859980583190900000000000000000 20.40016698837280300000000000000000
0.33001947402954102000000000000000 10.32958865165710400000000000000000 20.22815704345703100000000000000000
0.33801651000976563000000000000000 10.30359530448913600000000000000000 21.36622214317321800000000000000000
0.33501863479614258000000000000000 9.89956474304199220000000000000000 21.46622705459594700000000000000000
0.31100273132324219000000000000000 10.48716259002685500000000000000000 20.88511896133422900000000000000000
0.30500245094299316000000000000000 10.88016629219055200000000000000000 21.88252496719360400000000000000000
0.40660285949707031000000000000000 9.18713545799255370000000000000000 19.23928689956665000000000000000000
0.39560484886169434000000000000000 10.61575627326965300000000000000000 21.00011706352233900000000000000000
0.42020893096923828000000000000000 10.70135831832885700000000000000000 20.77311682701110800000000000000000
0.31501173973083496000000000000000 9.21453452110290530000000000000000 19.12109303474426300000000000000000
