0 0.7095 0.1767 0.1522 0.0806 0.7095 0.1767 0.1522 0.0806 0.1389 0.7477
1.4694 1.0491 0.2763 0.2395 0.1336 1.0491 0.2763 0.2395 0.1336 0.1279 0.6495
2.9388 1.4361 0.4036 0.3536 0.2204 1.4361 0.4036 0.3536 0.2204 0.1329 0.5746
4.4082 1.8408 0.5554 0.4934 0.3529 1.8408 0.5554 0.4934 0.3529 0.1734 0.5358
5.8776 2.2268 0.7240 0.6536 0.5315 2.2268 0.7240 0.6536 0.5315 0.2841 0.5636
7.3469 2.5163 0.8845 0.8167 0.7308 2.5163 0.8845 0.8167 0.7308 0.4970 0.7076
8.8163 2.4952 0.9499 0.9255 0.8976 2.4952 0.9499 0.9255 0.8976 0.7943 1.0124
10.2857 1.9836 0.7887 0.8582 0.9472 1.9836 0.7887 0.8582 0.9472 1.0449 1.4559
11.7551 1.2177 0.4750 0.5841 0.7844 1.2177 0.4750 0.5841 0.7844 1.0301 1.8784
13.2245 0.4737 0.1919 0.2661 0.3921 0.4737 0.1919 0.2661 0.3921 0.7069 2.0445
14.6939 0.0599 0.0331 0.0547 0.0675 0.0599 0.0331 0.0547 0.0675 0.4154 1.9069
16.1633 0.0345 0.0092 0.0118 0.0255 0.0345 0.0092 0.0118 0.0255 0.3122 1.6682
17.6327 0.0607 0.0141 0.0140 0.0224 0.0607 0.0141 0.0140 0.0224 0.2620 1.4408
19.1020 0.1108 0.0255 0.0233 0.0237 0.1108 0.0255 0.0233 0.0237 0.2248 1.2417
20.5714 0.2010 0.0464 0.0407 0.0292 0.2010 0.0464 0.0407 0.0292 0.1937 1.0698
22.0408 0.3537 0.0833 0.0719 0.0415 0.3537 0.0833 0.0719 0.0415 0.1675 0.9220
23.5102 0.5861 0.1431 0.1231 0.0653 0.5861 0.1431 0.1231 0.0653 0.1462 0.7954
24.9796 0.8974 0.2305 0.1991 0.1077 0.8974 0.2305 0.1991 0.1077 0.1312 0.6886
26.4490 1.2679 0.3463 0.3020 0.1785 1.2679 0.3463 0.3020 0.1785 0.1279 0.6030
27.9184 1.6689 0.4883 0.4311 0.2907 1.6689 0.4883 0.4311 0.2907 0.1499 0.5464
29.3878 2.0684 0.6512 0.5837 0.4511 2.0684 0.6512 0.5837 0.4511 0.2260 0.5408
30.8571 2.4146 0.8207 0.7493 0.6464 2.4146 0.8207 0.7493 0.6464 0.3935 0.6287
32.3265 2.5619 0.9437 0.8927 0.8353 2.5619 0.9437 0.8927 0.8353 0.6632 0.8623
33.7959 2.2523 0.8868 0.9157 0.9475 2.2523 0.8868 0.9157 0.9475 0.9581 1.2574
35.2653 1.5534 0.6130 0.7182 0.8825 1.5534 0.6130 0.7182 0.8825 1.0803 1.7175
36.7347 0.7721 0.3012 0.3952 0.5809 0.7721 0.3012 0.3952 0.5809 0.8673 2.0163
38.2041 0.1672 0.0804 0.1223 0.1556 0.1672 0.0804 0.1223 0.1556 0.5095 1.9909
39.6735 0.0310 0.0114 0.0179 0.0322 0.0310 0.0114 0.0179 0.0322 0.3441 1.7710
41.1429 0.0472 0.0112 0.0119 0.0228 0.0472 0.0112 0.0119 0.0228 0.2809 1.5341
42.6122 0.0858 0.0197 0.0186 0.0227 0.0858 0.0197 0.0186 0.0227 0.2397 1.3228
44.0816 0.1564 0.0360 0.0320 0.0262 0.1564 0.0360 0.0320 0.0262 0.2063 1.1397
45.5510 0.2798 0.0652 0.0566 0.0352 0.2798 0.0652 0.0566 0.0352 0.1781 0.9820
47.0204 0.4771 0.1145 0.0985 0.0534 0.4771 0.1145 0.0985 0.0534 0.1546 0.8467
48.4898 0.7564 0.1899 0.1636 0.0869 0.7564 0.1899 0.1636 0.0869 0.1366 0.7316
49.9592 1.1050 0.2937 0.2550 0.1442 1.1050 0.2937 0.2550 0.1442 0.1273 0.6365
51.4286 1.4967 0.4250 0.3731 0.2372 1.4967 0.4250 0.3731 0.2372 0.1360 0.5659
52.8980 1.9012 0.5800 0.5164 0.3772 1.9012 0.5800 0.5164 0.3772 0.1846 0.5347
54.3673 2.2797 0.7497 0.6787 0.5612 2.2797 0.7497 0.6787 0.5612 0.3092 0.5764
55.8367 2.5406 0.9041 0.8388 0.7595 2.5406 0.9041 0.8388 0.7595 0.5383 0.7426
57.3061 2.4481 0.9418 0.9299 0.9153 2.4481 0.9418 0.9299 0.9153 0.8400 1.0725
58.7755 1.8763 0.7462 0.8276 0.9382 1.8763 0.7462 0.8276 0.9382 1.0646 1.5267
60.2449 1.0989 0.4273 0.5347 0.7384 1.0989 0.4273 0.5347 0.7384 0.9969 1.9247
61.7143 0.3795 0.1583 0.2242 0.3233 0.3795 0.1583 0.2242 0.3233 0.6499 2.0398
63.1837 0.0443 0.0238 0.0399 0.0527 0.0443 0.0238 0.0399 0.0527 0.3920 1.8727
64.6531 0.0372 0.0094 0.0113 0.0244 0.0372 0.0094 0.0113 0.0244 0.3031 1.6324
66.1224 0.0664 0.0154 0.0150 0.0224 0.0664 0.0154 0.0150 0.0224 0.2559 1.4090
67.5918 0.1213 0.0279 0.0252 0.0242 0.1213 0.0279 0.0252 0.0242 0.2198 1.2142
69.0612 0.2194 0.0508 0.0444 0.0305 0.2194 0.0508 0.0444 0.0305 0.1895 1.0461
70.5306 0.3832 0.0907 0.0782 0.0442 0.3832 0.0907 0.0782 0.0442 0.1640 0.9017
72.0000 0.6281 0.1544 0.1328 0.0703 0.6281 0.1544 0.1328 0.0703 0.1434 0.7781