0.33001708984375000000000000000000 10.83161950111389200000000000000000 20.78718805313110400000000000000000
0.31102108955383301000000000000000 10.66160559654235800000000000000000 20.59417796134948700000000000000000
0.30701875686645508000000000000000 10.82962250709533700000000000000000 21.87725090980529800000000000000000
0.30701947212219238000000000000000 9.87555956840515140000000000000000 21.38222289085388200000000000000000
0.27620840072631836000000000000000 10.73836541175842300000000000000000 21.18372988700866700000000000000000
0.28080487251281738000000000000000 10.11734914779663100000000000000000 21.13171410560607900000000000000000
0.21040153503417969000000000000000 11.11476254463195800000000000000000 20.93572497367858900000000000000000
0.27380108833312988000000000000000 10.28115963935852100000000000000000 20.50493311882019000000000000000000
0.33460521697998047000000000000000 9.39854598045349120000000000000000 19.34810400009155300000000000000000
0.32801818847656250000000000000000 9.96457648277282710000000000000000 19.84713506698608400000000000000000
